10
5
9
25
3
0 0 0 20 0 
0 40 180 0 100 
0 60 0 0 40 
100 0 160 80 140 
0 0 100 60 0 
180 40 80 60 20 
160 160 60 120 0 
40 80 0 0 0 
0 140 180 40 0 
60 40 0 80 80 
52 1766 874 1920 2546 704 1746 1708 1812 384 1796 1024 1378 830 2336 1790 418 554 1826 1954 1136 1968 1848 46 492 
50 70 90 80 0 
0 30 0 70 10 
0 40 0 70 40 
60 0 0 0 0 
40 30 80 30 0 
0 0 0 0 60 
90 40 40 30 30 
80 0 80 0 30 
80 0 0 0 70 
5 18 30 
10 30 45 
1383 801 2567 
8 11 12 14 15 18 21 23 26 
8 14 15 16 18 20 21 25 30 
9 15 16 18 21 23 25 28 31 34 
8 11 16 17 24 25 26 30 35 
13 11 12 16 17 19 20 21 22 24 26 28 31 35 
8 11 14 15 16 17 27 29 30 
7 11 14 19 20 21 30 32 
6 11 13 15 24 25 32 
8 11 15 17 18 24 31 34 35 
6 11 12 14 25 33 34 
9 13 16 25 27 28 35 36 37 43 
11 15 19 22 26 27 28 30 33 37 38 44 
14 12 15 17 19 22 23 26 28 30 38 41 42 43 44 
13 11 13 16 17 18 26 28 31 32 35 37 41 44 
8 13 25 26 27 28 29 35 44 
11 12 13 19 20 25 30 32 35 36 39 43 
12 12 15 16 22 25 27 30 37 39 42 43 44 
13 13 15 16 17 22 26 29 37 39 40 41 42 43 
10 12 15 18 20 26 27 29 33 35 43 
9 15 21 23 29 33 34 38 40 43 
9 11 14 17 20 28 29 39 40 41 
13 12 16 17 20 21 23 30 32 37 38 39 40 42 
9 13 15 17 18 24 30 34 36 38 
8 15 17 21 23 31 33 39 43 
11 18 19 22 28 30 31 32 33 37 39 44 
8 11 14 15 24 28 37 39 44 
15 12 16 18 20 22 23 24 31 35 37 38 40 41 43 44 
7 12 19 24 32 33 34 36 
13 11 14 18 20 26 27 31 32 34 35 36 37 41 
7 13 22 25 27 36 38 44 
13 12 13 16 20 22 28 29 33 35 38 40 43 44 
9 13 18 31 33 38 40 42 43 44 
9 14 17 20 21 24 26 29 31 44 
11 18 20 23 24 32 36 39 40 41 42 43 
15 11 13 14 16 18 20 23 28 29 32 34 37 38 40 44 
