10
5
10
31
3
160 0 20 0 0 
0 0 20 0 0 
0 160 0 0 0 
0 120 20 160 0 
0 140 160 0 160 
60 0 0 0 160 
140 0 160 180 40 
140 40 160 100 20 
20 120 0 0 180 
140 0 80 120 80 
1092 1134 2326 2078 1132 3088 496 2556 1678 2522 3294 674 970 1884 2510 2986 820 3126 1282 488 2810 2352 3006 796 1986 2192 1502 3016 1630 576 2194 
0 0 10 0 50 
40 80 60 0 0 
60 0 0 10 80 
0 50 0 50 10 
30 70 70 60 80 
0 90 90 40 0 
0 90 90 80 80 
10 0 0 0 0 
60 0 80 80 0 
0 0 0 0 50 
5 18 30 
10 30 45 
83 2253 227 
11 14 16 17 18 20 22 25 26 32 39 40 
12 20 22 24 26 28 30 31 35 36 38 39 41 
9 13 15 17 19 20 24 30 31 35 
9 11 15 16 18 23 32 36 37 38 
9 15 18 22 24 25 33 34 37 39 
9 17 20 22 26 28 29 35 36 37 
11 11 15 17 21 22 24 34 37 39 40 41 
12 16 18 20 22 26 27 30 32 33 34 36 39 
6 15 17 23 27 30 41 
11 11 12 14 15 16 24 26 31 34 36 40 
13 16 21 23 24 27 28 37 39 42 43 44 45 50 
19 11 13 14 15 17 18 21 24 25 26 28 30 31 33 37 40 47 50 51 
11 11 14 18 19 26 29 31 33 40 43 47 
13 16 20 25 32 34 35 37 39 41 42 45 46 48 
9 12 30 31 32 36 40 44 48 50 
10 13 19 21 29 39 41 43 46 47 48 
13 12 15 19 20 22 23 28 29 31 32 40 41 48 
12 11 14 15 17 21 27 29 31 32 44 47 51 
15 13 14 15 17 21 26 27 28 32 34 36 37 41 43 49 
18 14 17 21 22 23 25 28 29 33 36 38 39 41 42 43 45 47 49 
13 14 15 17 19 22 23 24 26 32 45 46 48 49 
20 11 14 15 19 28 30 32 33 37 39 41 42 44 45 46 47 48 49 50 51 
15 11 13 14 18 19 21 22 25 28 32 33 35 36 38 40 
11 15 23 29 30 31 35 37 38 46 48 49 
17 11 15 17 18 19 21 22 24 30 39 40 41 43 45 47 48 50 
18 11 15 16 18 19 20 22 29 37 39 40 41 42 43 44 49 50 51 
12 17 19 23 24 26 36 37 40 42 44 45 51 
13 14 16 17 19 21 23 25 32 33 36 37 44 50 
14 16 18 20 21 23 25 30 35 36 41 42 47 48 51 
18 12 14 15 16 22 24 31 32 33 35 36 38 39 40 42 44 46 51 
8 14 18 22 26 32 37 40 48 
17 14 15 19 20 21 22 23 25 29 30 33 34 41 45 49 50 51 
14 11 15 17 21 22 27 28 29 30 31 36 39 45 46 
11 12 20 24 26 30 31 36 40 45 47 50 
15 11 17 22 23 24 25 26 29 32 33 34 42 43 47 51 
8 15 17 24 28 34 38 40 51 
15 13 17 18 22 25 31 32 33 34 39 40 43 45 48 49 
10 11 12 23 26 29 32 33 41 43 50 
14 14 15 18 21 28 29 34 38 40 41 45 46 48 49 
13 13 14 17 18 25 31 34 36 37 46 47 49 51 
11 15 20 27 28 32 33 37 40 42 44 45 
