10
6
3
23
3
0 120 100 120 80 140 
140 0 0 40 40 0 
0 100 0 0 160 160 
140 100 0 40 0 0 
140 180 40 20 60 0 
20 140 0 180 80 0 
0 100 160 0 20 100 
160 100 0 0 0 60 
0 0 180 180 60 180 
0 0 140 0 60 80 
16 216 1012 608 1002 366 502 848 908 216 238 282 392 646 914 54 536 786 978 890 732 386 222 
0 0 50 0 0 40 
30 70 0 20 30 50 
60 20 20 0 80 40 
5 18 30 
10 30 45 
613 599 797 
5 19 23 26 30 33 
9 11 17 18 20 21 25 28 30 31 
3 20 24 29 
9 11 14 17 22 24 26 30 31 32 
11 11 12 13 14 15 16 18 19 26 27 30 
5 15 16 23 27 32 
5 13 15 17 19 27 
12 11 12 15 16 18 19 21 22 24 26 27 28 
11 14 15 18 20 23 24 25 26 27 28 32 
6 12 14 19 22 25 31 
3 21 30 32 
7 17 22 24 28 31 34 36 
10 11 14 15 20 21 25 30 33 34 35 
9 11 12 19 22 23 24 28 31 35 
10 12 13 18 19 20 21 23 24 26 31 
5 13 15 27 32 35 
7 14 21 22 23 25 30 32 
9 14 16 26 27 28 32 33 35 36 
4 11 18 21 35 
10 12 14 15 22 24 25 28 29 34 35 
8 11 14 17 23 24 31 34 36 
8 16 18 23 27 28 29 30 33 
7 12 16 20 28 31 33 36 
9 11 13 14 16 22 25 26 30 36 
8 11 14 18 19 24 26 27 36 
6 15 17 20 21 23 35 
11 12 14 15 18 19 20 23 25 33 34 35 
6 11 15 17 19 31 36 
9 12 15 16 18 19 22 23 25 31 
5 13 22 26 27 33 
10 11 12 16 18 21 27 29 30 33 35 
8 11 12 13 15 16 19 29 31 
12 12 13 15 17 22 27 28 29 30 34 35 36 
