5
3
3
27
3
0 0 100 
140 0 0 
0 80 0 
100 0 0 
0 0 0 
212 250 72 406 188 326 264 96 390 300 284 208 388 158 180 176 52 378 320 94 164 370 32 414 80 348 152 
60 70 0 
0 0 0 
80 0 0 
5 18 30 
10 30 45 
163 217 253 
9 11 17 19 22 23 27 29 30 31 
10 8 9 10 14 16 17 21 23 29 31 
9 7 12 16 20 22 23 25 28 32 
11 10 11 13 19 20 23 24 25 27 31 32 
5 14 17 22 28 29 
8 7 12 13 14 15 20 24 35 
12 6 8 10 13 14 17 19 22 24 29 33 35 
9 11 12 14 17 20 32 33 34 35 
8 8 19 20 25 28 31 32 34 
8 7 13 14 16 20 30 34 35 
11 8 9 13 14 15 16 17 19 20 26 28 
8 16 20 21 22 25 28 34 35 
9 7 8 9 10 17 18 19 22 32 
11 6 9 13 17 19 21 22 24 25 31 32 
7 6 9 16 18 22 29 35 
10 6 11 23 24 25 26 28 30 31 33 
7 6 16 23 24 29 34 35 
9 7 9 11 15 17 20 25 28 35 
10 7 10 13 14 15 16 18 20 21 30 
10 11 13 21 23 25 28 30 31 33 35 
7 6 7 23 24 26 27 34 
9 13 14 18 23 28 29 30 34 35 
15 6 7 9 10 11 12 13 14 15 16 25 26 30 31 35 
9 7 9 13 26 28 29 30 31 32 
6 9 13 16 18 34 35 
13 9 11 12 13 16 17 18 22 24 27 28 30 35 
4 15 17 18 19 
8 8 10 17 20 21 24 34 35 
13 6 7 8 10 11 12 20 21 22 25 32 34 35 
6 6 11 13 18 32 35 
14 7 10 11 13 15 16 19 21 23 24 26 29 30 33 
11 6 7 8 9 12 14 15 17 23 30 34 
