5
6
6
29
3
0 0 100 0 0 40 
0 0 40 40 0 0 
0 180 0 180 0 80 
180 0 140 0 100 0 
60 60 40 100 100 20 
314 1262 1522 1710 14 1514 738 754 266 496 892 1548 1140 1708 232 88 562 288 906 478 848 1640 1140 1434 776 1158 1632 1422 362 
40 10 50 0 0 40 
0 80 80 10 30 50 
0 0 0 70 0 0 
0 30 60 0 30 50 
20 0 0 0 0 0 
80 10 90 10 50 0 
5 18 30 
10 30 45 
1547 1103 1219 
3 7 18 30 
14 6 7 8 10 11 12 15 16 17 19 25 27 28 29 
10 9 12 13 17 18 25 26 29 31 32 
10 8 10 14 15 16 19 21 22 31 34 
8 7 14 17 19 23 24 31 34 
9 7 13 16 19 20 34 37 39 40 
15 9 11 13 14 15 18 20 22 25 27 29 31 32 35 38 
11 6 10 15 22 24 26 30 32 37 39 40 
8 8 15 22 25 29 31 33 35 
9 8 12 14 17 22 31 33 36 39 
13 7 21 22 26 27 28 29 30 31 33 35 37 39 
7 13 17 24 25 29 33 39 
14 10 12 16 19 20 22 24 29 30 31 32 35 37 40 
16 6 7 13 15 18 23 24 26 28 30 31 32 33 35 36 39 
8 6 9 22 26 27 32 34 39 
7 6 11 12 25 27 35 39 
12 10 11 13 15 16 19 20 21 22 25 30 38 
5 10 21 22 26 38 
10 7 10 11 13 22 23 28 29 34 35 
9 6 12 22 23 24 25 29 30 36 
12 9 10 11 12 25 26 27 28 32 34 37 38 
8 14 19 23 25 28 32 34 39 
11 6 10 12 14 21 22 30 36 37 38 40 
16 6 8 10 12 14 19 22 25 26 30 33 34 36 37 38 40 
11 12 13 17 20 22 23 26 29 31 34 37 
10 7 14 16 18 19 21 23 25 38 39 
9 8 11 13 14 15 17 23 25 39 
14 7 8 9 10 13 15 21 22 24 30 34 35 39 40 
17 6 8 11 14 16 17 18 20 21 22 24 25 27 32 34 37 40 
12 8 9 11 14 16 20 22 24 25 26 31 39 
10 6 7 16 17 20 21 22 33 37 39 
11 9 10 11 12 26 28 31 35 38 39 40 
13 6 7 8 21 22 24 25 27 28 30 32 35 36 
10 6 10 12 15 26 27 29 30 31 36 
