5
6
7
26
3
0 120 100 0 180 0 
160 80 180 120 140 120 
0 0 0 160 140 80 
80 160 120 0 20 0 
0 140 40 0 80 160 
2140 2186 1726 2294 146 932 2236 482 1812 2356 2398 2374 2032 2342 1454 346 1940 1232 840 724 1654 16 2004 1850 850 142 
30 0 70 0 30 30 
0 50 10 10 0 0 
60 30 0 10 0 0 
20 60 0 0 70 0 
50 50 40 0 50 0 
0 70 80 0 90 90 
80 50 30 10 70 0 
5 18 30 
10 30 45 
399 173 1665 
4 8 17 20 24 
8 7 14 16 18 20 21 23 29 
10 6 7 8 9 14 16 17 18 23 29 
7 7 8 11 15 20 21 30 
7 12 16 17 20 25 27 29 
11 12 14 15 21 22 23 24 30 32 37 38 
15 6 8 15 18 19 21 22 24 28 30 32 34 35 37 38 
6 12 16 17 22 23 28 
11 7 13 14 15 20 21 25 26 27 37 38 
10 11 18 19 26 27 29 30 31 34 37 
9 6 8 10 13 26 29 30 35 37 
10 6 9 14 15 16 19 20 22 25 26 
7 6 7 8 17 21 23 28 
12 6 7 12 15 18 20 22 26 30 32 37 38 
10 8 11 17 18 19 20 24 32 34 38 
12 8 10 19 20 23 26 27 28 32 33 36 37 
10 6 7 19 20 21 26 27 35 36 38 
15 6 7 9 10 12 13 14 15 16 24 27 34 35 37 38 
10 10 12 15 20 23 25 26 29 37 38 
8 6 16 18 19 26 28 34 35 
6 17 18 22 24 29 32 
11 11 15 18 21 23 25 27 30 31 32 38 
12 6 10 12 14 16 17 19 20 21 22 27 35 
9 6 11 14 16 17 32 33 35 37 
10 6 7 11 15 16 18 19 32 33 36 
14 9 10 13 17 20 21 23 24 25 28 33 34 35 37 
7 8 9 10 11 16 21 37 
8 6 7 9 13 17 18 25 34 
10 8 11 15 16 18 21 22 23 24 31 
7 7 11 17 23 35 37 38 
16 6 8 9 12 13 15 17 19 21 26 27 28 29 32 35 37 
