5
4
9
39
3
180 0 0 180 
40 120 0 140 
0 0 160 40 
20 180 0 180 
180 0 0 140 
1032 1374 1576 1474 1432 1356 404 66 1098 478 342 1332 872 776 332 832 54 54 594 984 738 1054 782 822 478 964 446 1362 64 1248 742 524 1226 1060 1512 584 430 208 1426 
90 50 0 0 
10 0 0 20 
0 0 20 0 
0 0 0 0 
0 0 0 80 
70 0 0 80 
60 40 60 0 
10 70 60 50 
0 20 0 0 
5 18 30 
10 30 45 
599 859 1509 
14 10 13 15 22 23 26 30 35 36 37 38 41 43 44 
13 6 8 13 16 18 21 22 25 29 30 34 38 39 
20 7 9 10 12 15 16 19 20 23 26 29 30 31 34 35 36 39 40 43 44 
14 8 10 14 15 22 26 27 28 34 39 40 41 42 43 
13 9 14 16 17 18 19 21 29 31 38 39 43 44 
15 7 14 17 18 22 24 25 26 28 33 35 40 42 46 52 
18 11 12 15 20 23 24 27 28 30 35 38 40 41 42 44 46 47 53 
18 7 10 11 13 15 22 24 26 29 33 35 44 45 46 47 51 52 53 
18 11 15 16 17 18 20 24 30 33 34 35 36 41 45 47 51 52 53 
17 6 7 11 15 19 25 26 28 29 32 34 36 37 41 42 47 52 
16 6 7 8 9 10 16 21 26 28 33 43 45 47 48 49 51 
14 6 18 19 24 32 35 37 42 45 46 49 50 51 53 
17 7 8 9 12 14 19 22 23 25 26 27 29 35 36 42 49 52 
17 8 10 12 17 18 20 21 23 27 29 35 37 39 41 44 50 51 
16 12 17 21 25 27 30 31 32 34 35 36 37 40 49 50 53 
16 8 11 12 17 18 20 24 27 29 31 34 35 36 38 40 47 
15 6 8 14 16 18 28 34 35 37 38 39 43 47 49 50 
16 11 13 19 23 24 26 27 28 29 30 32 35 43 50 51 52 
14 8 13 15 18 22 26 32 33 37 44 47 50 51 53 
13 9 16 17 24 27 32 33 37 40 45 47 48 53 
14 6 9 11 15 17 18 19 27 34 35 41 42 48 53 
12 6 7 9 12 20 30 36 37 38 40 47 48 
15 6 8 18 20 26 27 32 37 38 43 46 48 50 51 53 
18 6 8 11 17 18 19 21 27 28 30 37 38 39 42 45 47 48 53 
9 12 24 27 28 33 40 42 51 52 
15 9 11 13 14 17 18 20 21 30 31 32 36 37 38 50 
19 9 10 11 12 13 14 16 19 21 22 23 25 26 35 36 40 44 49 52 
15 7 9 13 14 16 22 26 27 30 35 36 38 41 45 49 
14 6 11 13 14 22 23 28 31 34 35 37 45 51 52 
19 8 9 12 14 18 22 26 27 28 31 32 34 35 38 39 46 49 51 53 
18 10 16 20 24 27 28 32 34 37 38 39 40 41 42 43 45 48 53 
18 10 12 13 16 20 21 26 27 29 31 33 36 40 42 46 47 52 53 
13 12 14 15 21 27 28 29 32 37 44 47 48 51 
20 7 11 14 16 17 19 26 27 38 39 41 42 43 44 45 46 48 51 52 53 
8 7 8 15 22 27 30 47 50 
9 8 17 18 20 22 28 31 33 47 
11 10 11 15 30 31 32 34 35 44 48 52 
7 17 28 33 37 44 46 53 
15 6 7 8 9 10 15 17 21 26 27 35 37 45 48 52 
14 13 15 16 19 24 27 29 31 32 35 41 47 48 49 
15 7 11 12 14 16 17 18 29 33 34 37 43 49 50 51 
14 9 10 13 16 19 25 28 29 36 43 44 46 50 51 
16 16 17 18 25 28 29 32 36 37 40 41 46 48 50 52 53 
21 8 12 14 16 17 18 19 20 21 23 25 29 31 33 34 36 39 42 43 46 49 
