5
4
6
30
3
0 80 20 100 
0 20 120 40 
180 0 180 120 
140 160 140 0 
140 0 180 80 
858 1340 1250 984 1072 1106 870 1126 1390 1486 1062 782 600 952 318 80 812 572 590 54 1054 1278 832 230 1026 30 742 1416 1164 404 
60 60 60 0 
0 20 0 0 
0 10 60 80 
60 0 0 90 
50 0 80 60 
20 0 30 40 
5 18 30 
10 30 45 
1701 621 961 
9 9 11 16 19 21 25 26 29 30 
10 6 7 8 9 14 16 18 26 29 34 
12 7 11 12 15 18 22 28 29 31 33 34 35 
7 8 11 14 19 21 23 26 
9 8 17 19 24 25 28 29 31 32 
8 9 11 12 16 18 21 28 37 
10 6 8 11 18 26 31 32 36 40 41 
12 10 12 13 16 17 19 28 30 32 34 35 36 
11 8 12 22 24 28 29 31 32 33 37 40 
8 11 13 20 23 24 25 37 38 
11 9 10 17 19 21 24 31 32 33 34 41 
11 8 10 17 19 21 26 31 32 37 38 39 
10 15 16 18 19 20 24 25 32 34 41 
10 6 13 15 17 18 21 22 30 34 37 
10 12 21 22 23 25 29 34 36 37 39 
16 7 12 13 17 18 19 20 21 22 26 29 30 34 36 37 40 
14 6 9 16 19 20 26 27 28 29 31 32 33 34 38 
10 7 12 14 16 20 25 26 27 28 37 
15 9 13 16 17 18 22 24 27 29 30 34 37 38 39 40 
9 8 10 13 16 22 26 32 33 35 
6 6 9 15 23 27 40 
7 11 18 21 26 30 38 39 
10 14 17 22 25 27 28 32 36 37 41 
14 9 10 11 16 17 19 22 28 29 32 33 34 35 40 
16 9 11 12 14 17 20 27 30 32 33 34 35 36 37 39 40 
21 6 8 9 11 12 13 14 16 18 19 20 21 23 25 27 29 32 35 36 37 40 
12 6 8 9 20 22 23 25 26 29 31 35 37 
14 9 13 14 15 16 19 20 22 27 33 35 39 40 41 
12 11 13 15 16 18 24 25 27 31 32 36 41 
16 7 15 17 18 22 23 25 26 28 29 33 34 36 37 38 40 
11 6 14 15 19 24 25 30 32 38 39 40 
5 12 15 23 29 39 
12 12 17 19 21 26 27 28 29 31 36 39 41 
10 8 9 13 14 15 17 19 25 29 32 
14 7 8 13 16 18 19 22 24 27 28 33 34 36 40 
