5
5
3
43
3
0 80 0 0 0 
120 0 0 0 80 
180 160 0 180 80 
120 0 80 40 0 
20 160 20 80 0 
142 464 1016 468 566 314 1142 892 296 1252 1246 440 608 536 1246 34 414 1218 688 96 1110 80 580 1190 1260 992 378 1152 1054 410 718 1232 960 346 538 530 686 400 950 228 508 1132 196 
70 60 40 0 50 
70 0 20 20 0 
90 30 20 80 90 
5 18 30 
10 30 45 
917 1491 1119 
18 8 10 11 14 15 16 18 26 27 28 30 35 41 42 43 44 46 47 
12 6 7 10 17 26 34 35 38 41 43 44 47 
17 8 9 14 17 18 20 22 26 31 33 37 39 42 43 44 45 46 
16 6 11 14 18 19 20 21 26 28 30 35 37 43 44 45 48 
11 14 18 20 26 32 33 34 38 42 44 45 
13 15 16 19 21 28 29 30 33 35 37 39 49 50 
14 8 12 15 26 28 30 38 39 40 44 47 48 49 50 
16 10 11 13 15 19 21 22 23 26 28 29 34 35 38 39 46 
18 6 7 8 11 12 13 17 18 22 27 29 34 35 37 38 42 48 49 
19 11 13 20 22 23 24 29 30 31 32 33 34 35 39 41 43 44 47 51 
15 8 10 13 15 19 20 22 26 28 29 37 42 45 46 51 
17 15 16 18 21 22 24 25 28 29 31 33 42 44 46 48 49 50 
10 7 19 23 24 27 29 31 32 33 45 
17 7 11 16 18 21 23 28 29 32 34 35 37 38 40 42 43 46 
17 7 10 11 12 13 17 20 23 29 30 35 39 43 46 47 48 50 
8 6 20 22 23 34 41 42 46 
16 8 9 11 14 15 16 20 22 27 29 30 34 35 36 46 47 
15 11 15 23 25 26 28 29 30 33 34 35 39 41 49 51 
13 7 8 12 14 15 18 30 31 36 40 43 49 50 
15 6 9 14 19 22 24 25 28 29 30 33 38 46 47 50 
19 7 8 9 15 17 18 24 25 27 29 33 37 38 39 41 44 47 49 50 
14 8 13 14 16 17 23 24 25 28 30 31 38 42 46 
15 10 11 14 17 25 27 31 34 35 37 39 40 42 43 49 
16 11 17 20 22 28 29 30 31 35 36 38 39 43 44 45 47 
19 7 9 13 14 15 17 22 26 32 35 37 38 39 40 42 43 46 47 50 
13 6 11 12 14 15 21 25 37 41 42 43 44 46 
20 6 7 8 9 17 19 20 21 22 24 25 30 31 32 34 37 43 46 47 51 
16 10 13 16 22 24 26 29 31 32 33 36 38 41 42 44 51 
16 8 17 19 20 28 30 32 34 37 40 41 42 43 44 47 50 
12 7 13 14 17 18 19 22 37 41 43 44 49 
14 6 16 18 21 24 30 35 40 43 44 45 48 49 50 
14 6 8 10 11 12 16 19 24 37 40 46 48 49 51 
17 7 9 16 17 20 21 24 29 31 34 36 37 38 45 48 49 50 
9 9 10 15 24 29 38 41 44 49 
15 12 14 15 16 18 20 21 26 28 30 37 40 43 44 46 
7 6 17 23 29 30 31 46 
21 6 7 8 11 12 15 18 19 21 23 24 28 29 31 33 35 44 46 47 48 51 
10 10 18 29 31 33 35 37 44 46 47 
14 10 15 16 18 21 24 26 31 32 42 43 45 48 51 
12 6 9 13 15 17 24 34 37 46 48 49 50 
17 7 15 16 17 19 26 27 29 31 33 34 35 38 39 43 45 48 
14 8 9 14 15 22 23 26 33 35 38 40 45 46 50 
16 8 11 15 19 20 25 27 28 29 30 34 37 39 44 46 47 
16 7 13 14 20 22 24 28 33 34 36 38 40 41 42 48 50 
17 7 11 13 14 16 20 29 32 34 35 38 39 40 42 46 48 51 
12 13 15 16 21 24 34 37 39 42 44 49 50 
17 13 14 18 19 22 23 30 31 33 34 37 39 41 42 43 48 49 
14 6 7 8 14 20 25 32 33 35 36 37 42 46 49 
