5
6
6
42
3
0 140 120 100 60 0 
60 100 0 40 120 20 
40 0 160 140 0 160 
0 180 60 0 60 120 
160 180 80 0 60 0 
1186 880 776 1386 606 1634 1120 570 1076 204 1398 676 270 212 1028 158 1466 1508 394 1076 1734 1244 1436 322 558 1530 1516 1302 908 810 580 354 1060 838 80 634 1434 1640 1144 968 1060 1418 
20 40 10 50 0 0 
40 40 10 30 0 80 
0 0 80 30 0 0 
0 90 0 0 0 30 
90 20 0 90 0 0 
0 40 40 80 0 0 
5 18 30 
10 30 45 
505 1681 785 
16 6 8 10 12 18 20 22 23 30 31 32 34 37 38 43 46 
17 7 8 10 13 14 15 18 23 29 31 32 35 36 37 38 44 45 
14 7 9 11 12 13 14 16 20 28 33 35 37 43 47 
14 16 18 19 21 23 24 25 27 28 31 33 35 40 42 
12 7 12 17 22 25 34 35 36 39 40 41 43 
17 10 11 12 16 17 20 22 23 35 39 43 45 48 49 50 51 52 
20 6 8 10 16 18 19 20 26 28 29 30 32 33 34 38 41 43 46 51 52 
13 9 16 18 20 22 29 33 35 38 43 44 52 53 
18 7 10 11 12 19 27 29 31 32 34 36 39 40 41 43 44 45 46 
16 6 7 8 12 14 15 16 18 19 20 21 38 42 45 49 52 
13 8 9 10 16 20 23 29 35 36 39 44 46 48 
17 6 7 10 13 16 23 24 26 27 35 38 39 42 45 46 48 50 
16 8 15 18 21 22 25 27 33 35 36 43 44 45 46 47 50 
17 7 10 13 16 17 22 23 24 30 31 33 34 37 40 44 48 53 
19 6 9 13 16 18 21 26 27 28 29 33 35 36 42 44 45 46 47 51 
12 9 12 13 15 23 24 29 38 43 44 45 53 
14 12 14 15 19 32 34 35 37 41 44 45 48 51 52 
13 8 14 17 24 25 26 29 30 35 45 47 49 53 
13 7 9 12 18 20 23 24 29 30 33 36 37 47 
13 12 13 15 18 19 24 25 34 35 36 41 42 43 
13 11 15 18 24 29 31 35 41 45 46 47 49 53 
13 11 13 20 21 25 26 29 31 35 39 41 47 51 
15 6 8 11 24 28 29 30 32 37 39 42 43 48 52 53 
16 10 13 16 18 20 21 23 27 37 40 41 42 44 45 49 50 
10 10 13 18 29 34 37 38 40 47 53 
12 9 14 17 22 23 27 28 32 33 40 42 46 
16 6 9 14 19 21 26 28 29 38 40 43 44 47 51 52 53 
19 8 9 11 12 15 20 22 24 26 27 31 32 35 36 38 43 44 51 52 
12 6 16 19 25 26 28 35 38 40 45 46 53 
19 9 11 12 17 18 19 20 24 26 27 29 34 37 38 39 43 48 49 52 
15 7 8 10 12 22 25 29 30 32 38 42 43 44 46 52 
12 8 12 16 22 30 31 33 34 37 42 48 53 
24 6 7 8 10 13 14 15 16 17 22 23 24 25 31 32 35 36 37 39 41 45 47 48 53 
22 7 11 12 15 16 17 19 20 21 25 27 30 33 35 37 40 41 42 46 47 50 53 
18 10 11 12 14 15 16 17 19 24 26 29 41 42 44 46 47 50 52 
14 14 17 20 21 23 24 27 32 34 35 38 44 50 53 
13 6 8 19 20 22 23 34 35 38 39 41 43 50 
13 6 10 11 14 20 27 29 36 40 43 46 47 52 
11 8 12 13 27 32 35 36 37 42 43 44 
18 8 10 11 12 16 19 22 23 25 29 30 35 36 38 47 49 50 51 
20 8 9 11 12 14 15 16 25 28 30 32 36 38 40 42 47 48 51 52 53 
16 10 12 14 19 20 30 33 36 38 40 43 45 47 50 52 53 
11 6 12 14 20 33 37 45 46 47 49 51 
11 8 9 17 18 22 27 33 34 37 39 52 
15 6 8 9 12 15 17 20 23 26 29 30 39 40 41 52 
12 7 9 10 12 17 22 29 30 32 33 41 50 
13 12 13 21 22 23 30 37 38 43 44 46 51 53 
