7
5
4
12
3
100 120 160 60 100 
120 0 0 0 0 
60 0 160 180 100 
40 40 80 0 160 
0 160 80 0 180 
0 20 180 120 0 
20 180 160 0 0 
748 1104 1004 740 122 160 346 834 910 854 272 52 
0 20 70 40 80 
40 0 0 0 0 
0 0 90 50 60 
0 60 30 10 60 
5 18 30 
10 30 45 
25 161 49 
3 14 15 19 
4 11 12 14 16 
2 12 18 
2 10 13 
7 9 11 12 13 16 18 19 
4 9 14 15 19 
8 9 12 14 15 16 17 18 19 
5 10 11 14 19 20 
3 11 12 21 
5 12 17 18 21 23 
4 10 12 18 22 
5 10 15 20 21 23 
5 8 10 12 17 22 
4 10 12 15 17 
8 8 9 11 13 14 16 17 18 
6 8 12 13 14 17 22 
4 9 10 18 22 
7 11 13 16 17 19 21 23 
5 8 9 11 14 16 
