7
4
7
15
3
0 0 0 160 
0 100 0 0 
0 0 120 0 
100 120 0 120 
140 80 140 0 
180 20 0 0 
40 0 160 0 
706 264 812 530 1708 802 1456 282 850 828 650 1032 694 1454 664 
70 0 70 30 
0 60 30 0 
70 90 0 60 
0 50 0 50 
0 0 50 0 
70 0 20 0 
20 90 10 30 
5 18 30 
10 30 45 
921 891 41 
3 15 20 21 
5 9 10 14 15 20 
5 8 10 11 16 20 
3 8 17 19 
4 14 15 18 19 
7 9 11 14 17 18 20 21 
5 11 13 15 16 22 
8 9 13 14 17 19 21 24 28 
10 12 13 14 15 16 17 18 21 22 25 
9 9 12 13 15 18 20 22 25 27 
6 9 12 18 22 24 25 
8 10 11 13 15 16 20 23 25 
3 18 20 28 
6 9 11 12 17 19 24 
9 8 9 17 18 21 23 24 25 27 
11 9 11 12 14 15 20 22 24 25 26 29 
6 8 9 15 20 23 25 
7 11 12 13 15 19 20 29 
6 12 15 18 21 25 29 
10 8 10 15 16 18 19 24 26 28 29 
7 9 10 11 12 15 19 27 
3 14 21 25 
