7
5
4
31
3
40 0 0 20 20 
80 180 100 160 0 
160 60 100 120 0 
160 140 160 0 100 
100 0 180 20 20 
120 40 0 80 0 
120 60 0 0 80 
882 46 574 622 750 664 1028 710 206 776 1066 84 372 278 1064 782 174 260 828 250 84 818 226 646 698 278 816 52 234 394 586 
0 50 10 20 0 
40 60 0 60 20 
0 40 40 0 0 
0 40 50 30 80 
5 18 30 
10 30 45 
125 889 83 
14 8 11 12 18 20 21 23 25 26 29 30 33 37 38 
10 10 12 15 21 23 25 32 33 35 38 
7 10 20 26 27 29 32 34 
9 12 14 15 19 22 23 29 31 37 
6 10 16 19 20 36 38 
10 8 9 10 11 13 14 15 24 28 38 
6 8 15 18 32 34 38 
6 16 21 22 29 37 40 
9 12 13 21 22 27 34 35 37 42 
10 8 9 17 18 27 30 34 37 38 42 
12 12 13 14 15 16 20 24 27 28 31 32 40 
9 10 18 25 32 33 36 39 41 42 
11 10 19 20 24 26 28 31 32 38 40 41 
7 8 9 10 22 23 28 36 
8 11 13 21 23 25 27 35 41 
8 10 12 23 32 33 36 40 42 
10 8 9 13 24 28 29 31 37 40 41 
17 8 9 11 12 15 19 21 22 23 27 30 32 33 35 37 40 41 
10 8 10 17 20 24 27 29 32 34 40 
11 9 10 15 17 18 27 28 33 40 41 42 
16 9 11 12 13 20 24 25 29 30 32 35 36 38 40 41 42 
19 8 9 11 13 16 20 21 23 25 29 31 32 34 36 38 39 40 41 42 
11 8 10 12 14 17 28 32 34 38 39 40 
8 12 14 18 21 28 33 40 41 
7 9 14 29 34 38 39 41 
8 9 21 23 25 27 29 34 36 
13 9 11 12 14 16 17 26 29 31 32 35 38 41 
8 16 20 22 25 30 32 34 35 
8 8 9 15 21 28 34 39 42 
6 16 28 31 32 36 42 
14 11 12 14 15 16 21 27 28 29 30 32 33 35 37 
13 12 17 20 22 25 26 27 35 36 37 39 40 41 
6 16 17 22 25 27 41 
10 8 10 13 17 18 24 26 33 36 40 
11 12 13 18 21 25 27 29 30 31 33 42 
16 13 14 16 17 18 19 20 26 27 28 30 33 34 38 39 42 
11 8 10 13 18 19 22 23 26 29 31 35 
11 8 13 15 16 17 21 25 26 28 34 41 
