8
3
10
10
3
0 0 0 
0 100 180 
0 180 180 
0 80 100 
0 80 40 
0 0 0 
180 0 120 
140 80 120 
1146 960 1072 1154 92 1062 1314 1412 536 220 
0 80 0 
0 50 0 
80 10 70 
0 0 40 
10 0 40 
0 0 10 
10 90 0 
90 0 70 
0 10 20 
10 10 10 
5 18 30 
10 30 45 
213 193 427 
2 9 16 
2 17 18 
4 9 12 13 15 
5 10 12 13 15 18 
4 11 12 14 15 
2 9 15 
4 10 11 14 15 
2 12 14 
9 10 12 13 18 19 22 23 26 28 
9 9 11 12 18 20 21 24 25 26 
7 9 13 20 21 22 26 27 
6 11 17 19 24 26 28 
4 12 14 16 21 
5 15 20 21 24 25 
9 11 14 16 18 19 23 25 27 28 
4 15 17 21 22 
8 11 13 15 18 20 21 24 27 
9 11 13 14 17 21 25 26 27 28 
