8
5
4
21
3
60 120 40 0 0 
40 0 160 0 160 
0 140 0 100 180 
80 120 0 100 40 
0 20 0 40 0 
180 100 40 100 100 
40 0 0 20 0 
0 80 0 0 0 
0 536 274 38 286 198 320 210 0 564 102 236 230 162 6 578 32 222 354 248 670 
50 30 0 20 90 
0 0 0 0 0 
10 10 0 30 10 
20 70 0 0 0 
5 18 30 
10 30 45 
43 267 393 
6 9 10 16 18 27 29 
6 15 17 22 23 24 27 
7 9 11 14 21 26 27 29 
12 9 10 12 15 16 17 18 20 22 26 27 29 
6 10 11 13 15 17 20 
6 11 21 26 27 28 29 
7 10 12 17 20 21 26 27 
5 12 14 17 21 25 
6 10 11 18 30 31 32 
6 11 12 13 14 24 33 
6 10 16 18 20 21 25 
9 13 15 17 20 22 26 27 29 32 
11 9 12 14 16 17 18 22 23 24 30 31 
9 10 11 15 19 20 23 24 27 31 
8 9 10 19 27 30 31 32 33 
7 9 10 14 17 18 22 25 
7 11 12 14 23 25 28 30 
8 12 13 14 19 20 22 29 30 
8 9 11 13 18 21 25 27 28 
10 9 11 14 19 22 27 29 30 31 32 
10 13 15 17 19 24 28 30 31 32 33 
9 12 14 16 19 25 27 28 31 32 
10 11 12 13 14 20 25 27 28 30 32 
10 9 14 16 18 20 23 25 29 31 32 
7 11 14 15 17 20 21 24 
7 11 14 15 17 24 28 31 
10 12 18 19 20 22 25 26 28 30 32 
11 12 18 19 20 21 22 24 27 29 31 33 
9 12 15 16 18 22 25 26 31 32 
