8
2
4
24
3
20 100 
80 120 
80 40 
160 140 
0 0 
80 0 
0 0 
0 0 
130 198 256 124 546 372 230 116 66 178 250 78 506 540 434 280 500 68 446 476 12 192 282 52 
0 20 
0 80 
90 70 
20 0 
5 18 30 
10 30 45 
225 257 1 
8 12 14 19 21 22 23 24 30 
11 10 11 18 19 20 21 22 25 27 29 31 
7 10 11 13 21 23 25 31 
10 9 11 13 14 18 20 24 28 30 31 
8 13 14 16 26 27 28 30 32 
4 16 24 27 30 
7 10 12 13 20 23 26 28 
9 12 16 18 19 21 23 24 30 32 
10 10 14 16 17 24 25 26 27 28 35 
14 9 11 12 13 14 15 16 20 21 23 29 30 32 34 
6 9 17 21 23 34 36 
11 9 14 15 16 17 19 20 21 24 30 36 
11 9 11 17 18 19 20 22 25 26 31 34 
12 13 15 20 21 22 27 28 29 31 34 35 36 
8 10 14 18 19 24 27 29 35 
13 10 13 15 18 20 21 22 23 27 28 30 34 35 
8 18 21 24 28 29 30 33 36 
7 11 12 14 24 27 33 34 
9 9 12 13 15 22 24 27 28 34 
10 10 12 13 14 15 16 18 22 25 29 
7 20 25 28 29 33 35 36 
10 12 13 14 15 17 26 27 33 34 36 
7 18 20 25 26 29 30 33 
10 10 11 12 16 20 21 25 28 31 33 
10 12 14 19 22 23 26 30 31 34 35 
9 10 13 15 16 25 29 32 33 36 
12 10 16 17 18 19 22 23 24 28 30 34 35 
8 9 10 13 17 19 22 33 36 
10 11 14 15 19 20 24 25 26 27 34 
4 23 27 31 33 
11 9 11 12 15 19 22 23 24 28 29 34 
7 10 12 13 14 17 18 22 
