8
4
3
48
3
0 0 140 120 
0 0 20 0 
20 0 0 40 
180 160 120 40 
120 120 80 180 
40 0 20 100 
0 20 40 140 
140 60 100 0 
112 198 8 74 92 432 222 384 246 222 262 346 220 224 348 372 290 388 310 296 384 418 340 24 156 8 262 190 174 162 86 96 314 356 432 420 234 250 326 16 434 184 390 236 182 80 344 262 
0 50 90 70 
0 0 0 0 
0 0 0 10 
5 18 30 
10 30 45 
353 609 161 
10 14 16 22 23 24 25 33 34 39 54 
17 9 17 18 20 21 25 26 31 38 39 42 44 45 48 49 52 56 
16 9 12 13 15 16 17 18 24 31 36 43 46 47 49 50 56 
8 9 35 36 42 43 51 52 55 
11 16 18 20 27 28 30 32 36 52 54 56 
18 11 14 16 19 22 26 27 28 31 32 34 38 43 46 47 50 51 52 
17 11 12 15 21 24 25 27 33 35 41 43 45 47 48 49 55 56 
21 9 11 12 13 15 16 18 19 21 22 24 25 26 27 36 40 41 49 51 54 55 
16 14 16 18 26 27 31 35 37 38 39 42 43 44 52 56 58 
20 11 12 17 22 26 27 30 39 40 45 46 47 48 49 53 55 56 57 58 59 
17 10 13 14 19 23 27 31 35 36 37 42 44 47 50 51 53 57 
17 11 13 17 19 20 21 23 29 31 33 37 41 44 46 50 51 52 
24 10 16 17 19 22 23 24 25 27 28 29 30 31 32 34 35 39 40 44 45 47 53 55 57 
16 13 16 17 24 26 31 34 35 38 40 44 45 47 48 53 54 
23 9 11 14 16 17 18 21 22 28 30 31 33 35 40 42 44 46 49 51 52 55 56 57 
16 10 15 17 18 20 21 22 34 36 37 39 43 45 46 48 53 
22 13 15 16 20 23 25 27 30 32 33 35 37 39 41 42 43 44 47 51 53 54 56 
14 12 16 17 20 29 30 32 34 39 48 49 54 56 57 
18 13 15 16 17 18 22 23 24 25 27 29 40 42 45 47 50 54 58 
21 17 19 21 24 28 30 32 34 37 38 40 42 43 45 47 49 50 53 55 57 58 
19 10 13 16 17 18 19 20 22 25 34 37 39 41 43 45 49 52 53 57 
12 13 33 35 43 44 45 47 52 53 55 56 59 
19 11 13 18 19 20 22 29 30 31 33 34 35 36 38 39 44 52 54 56 
16 9 12 16 25 26 27 30 35 37 41 42 46 47 50 58 59 
12 11 16 18 26 28 47 49 51 53 54 56 59 
12 16 21 27 29 35 36 38 41 44 45 48 59 
18 10 12 18 21 24 25 28 32 33 35 36 38 40 41 42 43 49 59 
12 9 14 16 29 32 33 34 42 43 44 46 59 
16 9 13 15 17 23 26 31 32 33 34 38 39 45 51 53 57 
16 10 13 14 15 16 21 28 35 47 48 49 50 52 55 56 59 
20 9 12 13 16 18 21 22 25 32 35 37 41 44 45 46 49 50 52 54 57 
12 9 10 19 21 27 29 44 45 46 47 48 49 
19 11 13 14 17 19 20 22 25 27 29 30 34 35 36 40 42 43 46 56 
18 12 14 16 18 19 20 24 26 27 30 31 35 36 37 49 53 54 58 
16 11 12 13 14 26 31 32 34 37 38 43 48 51 54 56 59 
18 10 12 14 16 20 26 27 29 33 35 38 39 44 46 48 49 50 55 
14 11 24 26 27 31 38 43 44 48 49 50 51 53 55 
20 9 12 14 17 18 21 23 30 31 33 34 35 39 42 49 51 52 55 56 58 
22 9 11 14 15 16 21 22 25 26 27 28 29 30 33 37 41 43 44 47 51 57 59 
19 9 11 17 24 25 26 27 30 38 39 41 42 45 48 49 51 54 56 59 
22 13 14 15 26 27 28 30 32 33 36 38 39 42 43 45 47 49 50 53 57 58 59 
17 9 12 13 15 20 21 26 27 33 36 38 41 43 48 50 53 59 
18 12 19 20 26 27 30 32 34 35 36 39 48 50 51 52 53 55 57 
17 11 13 15 16 19 27 30 34 35 36 38 39 47 49 50 52 58 
15 9 10 13 14 27 29 31 36 39 41 42 44 48 49 58 
20 11 12 13 14 17 18 21 24 26 28 32 33 35 37 38 39 43 51 55 59 
23 10 14 16 17 19 20 21 22 27 28 29 31 33 37 38 39 43 44 46 50 51 55 58 
15 13 17 19 20 21 23 29 36 41 46 47 54 55 56 58 
9 9 23 30 36 44 51 54 55 59 
13 13 19 24 28 29 31 36 41 44 53 54 57 59 
13 12 19 20 21 23 24 32 36 53 54 55 58 59 
20 10 14 17 19 20 22 23 25 26 31 32 37 39 40 41 45 46 48 53 59 
19 15 18 21 22 24 25 26 29 31 35 36 40 41 42 45 48 57 58 59 
12 10 14 15 21 27 34 37 39 41 42 43 57 
14 9 10 18 22 31 32 34 35 36 42 46 49 52 57 
11 14 20 21 28 32 35 43 44 50 57 58 
