9
4
8
19
3
0 20 20 180 
180 60 40 0 
0 0 20 100 
0 0 0 140 
160 140 180 40 
120 0 120 180 
0 120 40 0 
180 0 0 160 
0 80 20 180 
1404 1168 314 350 358 1730 1502 294 2036 1108 410 38 810 736 2040 1768 1038 1370 174 
40 0 20 70 
0 50 90 80 
70 30 40 10 
90 80 80 0 
0 0 60 0 
30 0 30 0 
10 0 10 80 
0 0 70 0 
5 18 30 
10 30 45 
1179 203 127 
2 10 28 
7 13 15 16 17 20 25 27 
9 10 12 13 14 18 19 20 24 27 
4 13 14 19 21 
3 21 23 24 
3 16 24 28 
3 12 13 17 
11 10 11 12 13 16 18 20 22 26 27 28 
5 13 19 24 27 28 
9 12 20 24 25 26 29 33 35 36 
4 14 17 19 25 
8 14 15 16 23 26 32 35 36 
9 10 14 16 17 29 30 31 32 36 
11 10 13 15 18 25 26 28 31 32 35 36 
9 10 12 19 20 31 33 34 35 36 
7 19 20 22 24 28 29 31 
6 11 21 24 25 34 36 
6 13 14 16 23 30 34 
8 11 12 16 20 21 22 26 28 
4 15 17 32 36 
11 13 16 18 19 20 25 30 31 32 33 35 
8 10 15 17 27 29 33 34 36 
8 13 16 18 21 22 24 25 29 
9 11 12 13 15 21 26 28 31 34 
8 12 15 19 20 26 32 33 34 
10 16 17 22 27 29 30 31 33 35 36 
7 13 16 23 28 29 30 36 
14 10 12 15 16 17 20 22 23 24 25 26 27 31 32 
