9
3
7
30
3
180 0 160 
180 40 120 
0 0 80 
0 40 120 
20 180 80 
0 0 40 
140 0 0 
60 120 0 
0 0 0 
762 786 286 56 1006 642 68 656 928 574 540 894 44 498 196 204 1030 964 650 766 534 186 944 678 294 202 408 784 950 682 
30 0 50 
80 80 30 
20 0 0 
0 0 0 
70 70 0 
50 0 50 
0 0 10 
5 18 30 
10 30 45 
581 821 1101 
11 13 15 16 18 19 21 24 26 29 32 37 
11 10 13 16 18 22 23 25 32 36 37 39 
7 10 12 18 19 22 29 33 
6 10 13 21 22 28 29 
7 10 15 17 19 28 30 31 
7 12 26 27 28 32 37 39 
16 10 11 14 15 17 18 23 25 26 29 30 31 32 33 34 39 
6 10 11 18 19 30 31 
13 13 16 21 24 26 27 29 30 31 32 35 37 38 
9 17 21 22 23 28 33 36 38 40 
9 12 19 22 25 30 34 35 38 45 
11 14 15 22 32 36 37 38 39 42 44 46 
8 10 14 20 21 25 29 32 34 
17 12 16 17 18 19 24 27 28 31 32 35 36 38 40 42 43 45 
9 11 13 20 25 31 34 35 37 42 
9 10 12 13 15 19 25 37 43 44 
11 10 11 12 13 14 19 22 28 35 37 45 
15 11 12 15 17 22 23 27 28 30 33 34 36 44 45 46 
14 12 14 15 20 23 26 30 32 33 38 39 43 44 45 
7 14 15 18 22 28 41 44 
14 12 13 23 27 28 29 30 31 34 35 36 41 42 46 
10 10 20 21 25 27 29 32 35 40 46 
16 15 16 17 18 21 22 25 31 35 36 38 40 41 42 43 45 
10 15 16 21 23 26 28 31 34 36 37 
11 10 12 17 18 19 20 24 31 40 41 45 
16 11 12 17 20 22 24 25 30 33 35 36 40 41 42 45 46 
9 12 14 15 22 29 31 33 37 38 
14 10 12 15 18 19 21 23 26 30 31 35 37 39 41 
10 14 22 31 32 38 39 40 42 43 46 
10 14 26 27 32 34 35 37 40 44 46 
17 10 14 16 17 18 19 21 22 24 25 35 36 37 40 43 44 46 
16 13 14 15 18 20 21 22 27 30 31 34 37 40 43 44 46 
9 12 14 15 19 25 26 29 38 43 
10 14 15 20 26 28 32 37 38 40 42 
11 12 14 16 17 19 23 30 33 34 38 44 
9 11 14 22 26 33 38 40 42 44 
11 11 12 17 18 19 28 30 33 34 38 39 
10 10 11 20 24 26 31 36 39 40 42 
17 13 19 21 23 26 29 30 31 32 33 34 35 38 41 42 43 44 
