9
6
9
46
3
160 0 80 0 180 60 
0 160 0 20 120 0 
100 180 0 180 0 140 
0 0 100 0 0 120 
180 0 0 80 160 160 
0 0 120 0 80 0 
100 160 80 80 20 0 
100 0 160 100 0 0 
0 0 0 80 60 0 
1706 2670 2076 2846 2510 434 1614 2234 2196 2168 364 2104 2266 1470 2584 2576 2880 1226 2270 2882 2752 2550 2316 1102 1004 1478 1574 1594 512 2942 2206 2198 2766 2962 2728 192 2968 1180 2204 780 998 1604 2168 146 1364 584 
70 0 50 50 50 30 
0 20 0 0 90 60 
0 0 0 0 20 70 
0 0 80 0 80 30 
0 90 60 30 0 30 
20 0 10 0 0 50 
60 10 90 20 40 0 
0 10 80 0 0 10 
80 20 0 0 20 80 
5 18 30 
10 30 45 
4109 521 3711 
13 13 21 24 26 28 31 32 33 36 37 43 49 50 
17 12 16 17 20 23 25 34 35 37 44 45 46 48 50 51 53 54 
13 15 18 20 22 26 27 38 39 40 41 47 49 53 
18 17 19 20 23 32 33 34 37 38 40 42 44 45 47 48 50 53 55 
15 11 15 18 19 22 23 27 28 35 36 38 41 44 49 50 
22 11 14 15 16 17 18 19 21 23 24 28 32 33 35 37 38 39 41 48 49 50 53 
18 13 14 18 20 22 24 27 29 30 31 33 34 35 37 40 46 47 55 
10 10 11 13 16 21 31 46 47 54 55 
12 12 14 15 18 19 23 25 38 39 43 47 52 
19 16 22 23 25 27 28 32 35 37 40 41 42 44 46 48 49 50 54 61 
21 13 15 20 26 27 28 31 34 37 38 42 45 47 48 49 51 52 54 58 61 62 
22 10 11 13 16 19 22 23 24 26 27 31 35 37 38 41 42 45 49 53 56 57 63 
11 10 17 23 25 29 36 46 51 53 55 56 
19 13 15 16 17 21 23 31 34 36 38 40 42 43 46 48 50 55 58 60 
18 13 17 20 28 30 32 33 37 40 41 44 53 54 55 56 58 61 63 
20 10 14 15 19 20 23 28 31 32 34 35 37 40 45 49 50 51 54 56 60 
16 12 15 16 18 21 23 27 28 30 33 39 43 46 57 59 64 
23 10 12 15 17 19 20 22 25 28 29 30 32 33 35 36 37 38 44 46 48 49 53 60 
18 12 17 20 25 27 29 30 31 33 34 36 40 41 51 52 54 57 61 
18 10 11 12 14 18 21 25 32 33 34 37 38 44 50 52 54 56 64 
15 12 13 18 22 23 24 26 33 40 41 43 54 58 63 64 
15 11 13 20 23 25 27 30 35 36 48 50 52 53 59 61 
16 11 14 16 17 18 20 21 26 32 34 49 50 57 58 61 63 
23 10 19 20 22 26 29 30 31 32 34 35 36 37 44 47 48 50 51 52 56 57 59 61 
16 13 14 18 19 32 34 36 39 41 44 45 46 47 52 55 60 
19 12 23 24 25 28 35 36 40 41 42 46 50 51 53 54 56 59 60 61 
18 11 13 18 22 28 34 38 40 46 47 48 49 50 56 57 59 61 63 
22 15 18 19 20 24 25 27 30 36 37 38 39 40 44 46 49 50 51 53 56 57 63 
19 13 15 18 28 32 34 35 40 41 43 45 48 53 55 58 59 60 62 63 
25 13 14 17 19 20 26 27 29 33 34 38 39 40 41 42 47 48 49 53 54 56 58 60 62 63 
19 14 19 21 23 27 33 35 36 37 40 41 47 48 52 53 56 60 61 63 
16 10 12 15 18 19 20 26 27 28 36 41 45 48 51 56 63 
15 13 18 20 24 27 28 32 34 40 41 43 45 49 52 64 
18 10 11 12 13 14 15 17 24 31 32 36 38 39 45 46 53 54 63 
12 18 20 21 22 31 36 42 43 46 51 56 57 
18 10 14 16 23 24 25 26 28 31 35 37 44 45 46 48 53 56 63 
15 10 14 15 16 35 36 38 42 45 48 49 51 59 61 62 
15 14 28 29 30 32 40 43 44 45 46 52 55 58 61 63 
21 10 11 16 17 21 23 28 29 31 32 33 37 40 42 45 47 49 50 54 55 58 
18 13 14 18 25 28 33 35 36 37 43 46 50 51 56 60 61 62 63 
14 13 22 25 32 33 42 45 46 47 54 58 59 61 63 
18 10 13 14 17 18 21 27 29 32 35 38 39 40 54 58 59 60 62 
14 12 13 17 31 37 39 46 48 51 53 54 56 58 60 
19 10 17 18 22 23 24 27 28 30 31 33 38 39 47 56 59 60 62 63 
13 10 15 21 29 30 32 39 40 42 48 49 54 61 
18 10 13 14 19 21 25 27 29 32 35 39 41 48 52 53 54 59 61 
16 15 16 28 35 36 38 40 45 49 50 54 55 58 60 63 64 
20 10 14 16 26 27 30 33 36 37 38 39 43 49 50 51 55 56 57 59 62 
18 10 11 14 16 17 20 21 23 25 34 35 36 38 40 45 46 51 55 
16 11 15 16 18 23 31 36 37 38 42 46 51 55 59 61 64 
18 19 20 23 27 29 35 37 39 40 41 45 54 55 56 58 60 61 62 
14 15 27 28 34 37 39 45 48 49 51 56 57 59 63 
21 10 11 12 16 17 24 26 28 32 33 34 42 44 45 46 48 49 52 57 61 64 
19 10 13 14 19 23 27 36 37 38 41 42 43 48 50 53 59 60 62 64 
21 10 12 15 16 20 24 28 32 36 37 40 42 45 49 51 54 59 60 61 62 64 
