9
4
3
40
3
40 120 40 0 
0 140 0 120 
0 140 60 140 
0 140 0 0 
0 0 0 60 
120 120 60 0 
100 0 20 0 
0 180 0 160 
140 0 0 0 
106 246 446 166 428 156 372 238 212 54 198 30 354 362 298 354 168 0 152 144 60 456 398 388 402 212 342 20 70 116 358 166 24 32 160 182 38 152 300 94 
0 0 80 30 
0 30 40 0 
40 0 10 0 
5 18 30 
10 30 45 
587 213 133 
13 12 15 17 18 19 22 24 25 34 35 36 47 49 
7 10 29 30 38 40 41 46 
9 14 17 20 35 39 42 44 46 47 
12 13 16 20 25 28 29 33 36 38 39 44 48 
12 15 19 27 29 31 36 41 43 44 45 46 47 
9 17 19 20 25 27 32 35 44 49 
14 10 11 12 16 17 19 20 24 26 27 33 37 40 45 
14 11 17 20 24 25 28 29 32 33 34 40 42 43 46 
11 10 11 13 15 16 28 32 34 38 41 44 
11 14 18 19 22 25 32 36 37 38 41 47 
11 12 13 16 28 30 34 39 40 43 46 51 
11 11 13 16 27 33 39 40 45 46 49 50 
12 10 12 15 16 28 33 34 35 39 50 51 52 
13 12 17 19 20 26 27 31 32 33 39 44 46 52 
18 11 12 14 21 24 29 30 34 36 38 39 40 45 47 49 50 51 52 
9 11 14 21 22 24 26 28 34 43 
13 15 23 26 36 42 44 45 46 47 49 50 51 52 
16 10 12 16 17 19 20 23 25 26 28 31 38 42 43 46 48 
17 10 11 13 14 15 16 17 26 29 30 31 35 40 42 45 46 50 
11 11 16 23 27 32 36 41 45 47 51 52 
16 14 17 20 25 26 28 32 34 35 37 38 39 42 44 45 46 
12 12 13 19 21 23 30 31 34 35 38 43 44 
14 10 12 15 24 26 27 29 33 34 36 37 40 44 48 
15 10 12 16 17 18 25 26 32 39 42 44 46 48 50 52 
15 10 12 14 17 19 22 29 30 34 38 43 44 47 51 52 
15 13 17 24 25 27 29 30 33 35 36 38 40 41 44 52 
14 10 14 16 17 18 19 22 25 32 33 46 47 48 49 
15 11 18 22 24 26 30 32 34 40 43 44 47 50 51 52 
14 12 14 15 16 23 24 26 28 35 39 45 47 49 50 
10 16 24 25 26 31 32 35 36 40 43 
11 11 19 21 22 38 42 43 44 45 46 49 
13 11 12 14 18 19 20 21 26 30 39 42 44 50 
16 12 13 15 16 19 20 23 31 32 34 36 41 45 47 50 52 
11 10 11 18 19 31 32 36 37 38 50 51 
13 12 13 23 26 27 31 32 36 39 44 45 47 50 
14 11 13 14 21 22 23 24 29 30 32 37 38 40 50 
16 10 11 12 13 14 18 22 23 25 26 30 34 36 41 45 49 
11 12 14 15 19 23 24 29 35 37 49 50 
9 10 11 18 25 33 36 40 47 52 
16 11 14 16 17 20 22 23 34 35 37 38 44 45 46 50 51 
10 10 17 29 31 36 43 48 49 50 51 
13 14 19 24 25 27 29 30 37 38 40 47 50 51 
13 12 13 21 22 26 28 33 35 36 38 41 42 48 
10 11 18 20 24 27 29 31 37 46 52 
12 10 12 13 25 29 34 38 39 41 43 47 51 
16 13 14 19 22 24 27 30 31 35 36 40 43 44 48 49 50 
8 14 24 26 37 40 41 49 52 
9 18 22 23 24 26 41 44 50 51 
19 12 13 14 16 18 19 21 22 24 28 29 30 31 32 36 41 45 50 51 
