9
6
5
48
3
180 120 0 0 60 0 
180 40 100 0 60 40 
80 40 180 100 0 160 
0 140 180 0 0 100 
160 20 0 0 20 60 
160 0 120 0 60 0 
40 140 0 0 20 80 
180 0 60 160 180 0 
20 160 0 0 40 140 
198 868 172 1846 102 1728 68 876 1828 916 400 1264 1650 860 552 1788 612 1240 1850 1738 470 1042 1460 1716 1466 926 316 1690 1064 1442 610 1800 692 1558 538 536 1032 1104 1636 660 688 1340 1228 478 1586 1514 1050 914 
30 60 0 90 10 10 
20 70 30 0 10 60 
60 0 20 0 10 0 
40 90 0 50 0 50 
0 60 10 20 90 70 
5 18 30 
10 30 45 
2625 3105 1729 
26 11 14 16 19 20 24 26 27 28 30 31 34 35 36 37 38 40 41 42 45 47 49 50 51 55 56 
18 13 16 17 19 26 28 33 34 36 37 39 40 41 43 45 48 52 54 
14 13 18 19 21 22 23 30 33 36 39 42 43 45 53 
15 11 20 21 31 34 35 37 41 42 45 48 49 50 53 56 
20 12 14 18 21 24 27 28 30 34 37 38 39 41 43 46 47 49 50 53 55 
18 15 19 24 25 26 28 30 32 33 36 40 42 47 49 50 51 55 57 
11 12 13 18 21 27 32 39 42 46 49 50 
12 10 12 13 16 25 29 30 33 34 38 41 45 
12 14 17 18 31 33 37 38 41 42 45 48 51 
20 11 13 17 19 27 29 32 34 37 38 40 41 42 43 44 46 56 57 59 61 
17 10 12 16 17 20 21 24 26 28 29 43 49 52 55 56 59 62 
22 16 17 18 19 21 22 23 25 29 30 31 34 35 36 39 40 43 51 52 55 58 61 
17 12 14 15 16 23 24 25 26 28 34 39 40 42 51 53 54 59 
16 13 16 20 25 26 27 29 30 31 35 36 41 47 48 49 59 
25 10 16 19 20 22 24 27 28 30 31 33 34 35 36 40 44 47 48 49 50 53 55 56 58 60 
24 10 11 12 14 15 19 21 22 23 24 26 30 32 34 37 38 42 44 46 47 48 51 53 57 
21 12 13 16 18 19 22 23 24 33 37 40 43 48 52 53 54 55 56 60 61 62 
15 11 16 17 27 30 33 35 46 47 48 50 53 55 57 62 
15 14 20 23 24 28 29 30 31 33 36 42 43 45 48 56 
26 10 11 12 14 17 25 26 28 30 31 33 35 38 40 41 43 45 46 47 48 50 51 56 57 58 61 
19 10 11 13 14 22 23 24 25 27 29 32 44 46 47 48 54 55 61 62 
24 10 13 14 16 19 23 24 25 27 28 29 30 31 38 39 42 43 48 49 52 53 54 56 61 
26 10 11 13 14 16 18 19 24 29 34 36 37 39 41 45 46 47 50 51 53 54 56 57 59 61 62 
17 10 11 14 15 18 21 22 25 32 37 44 47 50 53 54 57 60 
14 10 15 21 30 31 33 41 45 48 50 52 56 60 62 
11 11 12 15 20 21 37 39 44 48 50 55 
11 12 17 21 22 39 41 44 45 54 57 60 
22 11 14 15 16 17 20 23 33 35 36 37 38 42 43 45 46 47 50 52 56 58 59 
21 13 14 16 17 23 25 28 31 32 33 35 37 41 43 44 48 52 53 55 60 61 
18 21 22 24 26 28 31 40 41 43 44 47 48 50 56 57 58 59 60 
21 10 16 20 22 23 24 26 33 34 36 37 38 39 42 43 46 47 49 51 54 55 
18 11 15 16 17 28 29 31 40 41 42 43 45 47 50 52 53 56 61 
14 14 17 22 23 35 36 40 41 42 44 53 57 59 62 
13 10 11 14 23 28 37 40 42 45 49 55 57 58 
22 11 14 15 17 19 22 29 30 32 36 37 38 39 40 43 44 50 53 54 58 59 60 
22 10 15 16 17 20 22 23 26 27 30 33 37 39 40 42 43 47 48 50 53 56 62 
16 10 13 14 20 23 25 35 38 43 44 49 50 51 55 59 62 
17 11 15 16 18 20 24 30 34 37 41 42 43 52 54 55 56 59 
19 11 13 18 21 22 25 30 31 36 37 38 40 41 42 44 48 50 54 58 
16 10 11 12 17 26 29 31 33 37 39 41 44 47 48 49 51 
16 14 15 18 20 26 28 31 35 42 44 45 47 49 56 61 62 
22 12 16 17 18 19 27 28 30 31 34 35 36 40 45 46 48 50 51 52 55 56 58 
18 10 11 13 14 19 20 22 24 25 34 35 37 39 47 48 52 56 57 
14 12 23 26 27 29 38 43 45 46 48 51 53 59 62 
20 11 15 18 20 23 24 27 28 30 32 33 34 38 42 43 49 52 53 59 60 
18 10 12 14 15 23 29 30 35 39 43 44 47 49 50 51 56 58 62 
13 10 11 14 18 20 21 23 29 33 40 46 48 57 
15 10 14 15 16 23 25 28 31 41 46 51 52 54 57 61 
18 11 13 16 17 18 21 22 23 25 31 32 34 37 38 46 48 54 57 
23 10 12 14 15 16 17 18 21 22 25 26 29 31 32 33 35 42 45 51 54 57 59 61 
12 16 17 18 20 27 28 29 31 39 41 44 53 
15 11 22 23 29 31 37 38 39 42 43 47 48 49 60 61 
16 10 11 13 18 21 23 24 26 27 29 34 35 36 42 50 51 
21 10 12 14 15 17 21 23 24 32 33 34 37 39 40 42 43 46 49 58 59 61 
17 16 18 31 32 34 38 43 46 47 48 50 51 52 53 57 60 62 
17 12 13 16 17 18 26 29 31 32 38 44 46 49 50 51 53 59 
20 10 14 15 16 22 23 28 36 37 38 40 42 45 46 47 49 50 51 55 62 
