10
6
4
38
3
108 36 0 108 48 48 
0 36 48 0 0 0 
84 48 72 36 108 0 
0 0 72 24 60 24 
0 60 60 0 96 48 
48 84 96 0 0 84 
72 108 36 0 24 0 
84 0 60 96 0 96 
0 48 0 0 108 60 
48 84 0 72 84 0 
111 18 167 288 316 186 8 75 94 312 126 92 42 116 332 316 206 255 171 320 101 63 295 70 76 215 368 142 321 171 259 345 370 11 233 229 247 163 
30 60 80 10 0 0 
30 0 0 40 0 0 
30 90 80 90 70 70 
0 20 0 20 60 0 
5 18 30 
10 30 45 
3877 431 405 
10 18 20 21 24 30 35 37 40 41 48 
8 16 18 19 27 31 32 41 44 
12 12 15 21 24 25 27 32 33 37 41 42 46 
10 14 16 21 23 30 34 36 37 39 46 
9 11 12 25 29 35 37 39 40 46 
17 11 16 18 21 22 23 25 27 29 31 32 34 36 37 43 44 45 
15 12 13 15 16 17 19 20 22 24 25 29 33 35 43 48 
11 11 19 20 27 30 33 34 36 42 44 46 
15 11 12 17 18 20 21 24 27 29 34 36 41 42 44 45 
10 15 16 17 18 26 27 39 40 44 46 
15 13 14 15 20 22 23 24 27 30 32 36 48 49 50 52 
19 14 17 18 23 26 27 28 31 32 33 35 38 40 41 44 45 47 48 50 
11 16 17 21 28 30 35 36 40 44 48 52 
11 11 16 17 21 23 26 30 31 35 44 45 
11 11 18 24 25 26 27 28 31 32 49 50 
18 12 15 17 18 19 25 28 30 32 36 37 40 42 43 47 48 49 51 
14 11 14 18 23 24 28 29 32 34 35 36 39 42 45 
13 13 15 21 26 27 28 30 31 34 41 45 50 51 
8 23 30 37 39 40 42 49 50 
14 21 23 28 29 30 33 39 40 41 42 43 47 49 50 
13 11 12 15 16 24 28 29 31 37 40 41 45 51 
12 11 16 17 20 27 32 33 34 40 47 50 52 
9 11 12 17 26 29 31 38 41 46 
13 14 15 23 26 28 32 36 37 41 45 46 50 51 
18 15 16 20 22 24 27 28 30 35 36 37 40 41 43 46 47 51 52 
13 12 13 14 17 23 25 27 28 29 33 38 39 47 
15 13 15 19 20 21 22 24 29 30 31 37 42 43 48 51 
13 12 15 16 20 21 26 30 33 37 40 45 46 49 
16 13 18 23 24 28 31 32 33 34 36 37 40 41 42 44 51 
14 11 15 18 19 24 25 35 36 41 43 46 48 50 52 
10 14 19 25 26 27 28 30 38 47 49 
16 18 20 27 28 29 34 35 38 39 42 43 44 47 49 50 52 
18 11 12 13 14 18 20 21 22 23 25 28 34 39 42 44 49 51 52 
14 11 12 13 17 18 22 29 37 39 42 43 44 45 48 
16 13 17 21 23 27 29 31 32 33 38 41 46 47 49 50 51 
12 11 15 18 19 21 22 26 30 37 40 43 46 
12 11 14 19 20 22 25 28 33 44 49 51 52 
10 14 18 19 26 27 29 30 35 49 51 
16 12 14 17 23 27 36 37 38 40 42 45 47 49 50 51 52 
11 16 18 19 23 24 25 27 30 33 34 51 
13 11 13 15 19 20 23 25 31 32 35 40 45 46 
12 14 17 22 32 34 36 37 45 47 48 50 52 
14 13 15 16 19 20 26 27 37 38 39 40 46 48 49 
17 12 17 20 21 25 26 28 34 35 37 39 41 42 43 46 47 50 
15 11 13 15 16 17 20 21 29 34 36 40 41 42 50 51 
13 14 16 17 21 22 23 28 30 38 41 42 45 52 
14 11 13 14 16 17 22 26 27 28 31 36 41 50 51 
16 12 17 20 22 23 24 27 29 31 32 34 38 42 47 49 51 
