10
2
8
10
3
0 0 
96 108 
36 48 
48 72 
0 0 
0 72 
48 0 
0 24 
72 0 
36 0 
67 114 22 163 134 125 6 173 21 147 
0 0 
0 40 
70 0 
20 80 
0 0 
60 0 
0 70 
0 20 
5 18 30 
10 30 45 
373 33 13 
3 16 18 20 
5 11 12 13 17 18 
5 12 14 16 17 20 
2 11 13 
3 16 17 19 
1 17 
3 11 18 19 
3 11 18 19 
2 14 20 
2 14 19 
5 17 19 20 21 24 
6 13 18 19 22 25 26 
6 14 18 19 22 24 25 
1 26 
8 13 14 18 21 22 24 25 27 
5 12 13 18 20 21 
7 11 14 15 21 24 26 28 
8 12 13 15 17 19 21 23 24 
9 14 15 16 17 20 21 22 25 28 
9 11 14 16 19 22 23 24 27 28 
