10
3
3
42
3
96 24 48 
0 84 96 
108 12 36 
0 48 0 
12 108 0 
12 48 24 
96 24 108 
0 60 0 
72 60 0 
72 60 96 
59 116 32 66 51 105 92 77 104 0 29 98 99 41 68 18 129 57 2 12 118 102 80 80 75 40 55 45 25 8 14 95 96 45 33 83 91 103 6 9 115 123 
50 30 0 
50 10 50 
0 0 70 
5 18 30 
10 30 45 
393 309 365 
11 13 18 22 23 27 28 35 40 41 44 49 
15 11 13 15 20 26 28 30 34 35 37 38 39 40 44 52 
14 12 19 24 26 27 28 29 31 36 43 45 46 47 52 
14 11 12 17 19 20 24 32 36 39 41 42 43 47 50 
10 11 19 20 21 23 25 26 27 46 51 
18 11 16 17 19 21 22 25 26 28 30 32 35 36 42 44 46 48 49 
15 15 18 24 30 32 36 39 41 45 46 47 48 49 50 52 
14 13 19 22 26 27 30 32 36 42 45 47 48 51 52 
18 11 12 14 24 25 26 29 33 34 36 40 42 43 44 46 48 51 52 
12 14 16 18 23 26 32 34 38 43 47 48 52 
12 12 22 27 31 32 33 39 45 46 49 50 53 
11 11 16 25 28 32 35 39 42 44 45 49 
13 11 17 18 19 20 21 28 29 32 37 46 47 55 
12 12 17 21 28 30 31 33 34 36 37 49 52 
18 11 12 20 24 32 33 34 35 36 38 41 43 44 46 47 49 51 54 
17 11 15 21 23 27 30 33 35 38 39 42 46 47 49 51 52 53 
14 20 23 28 29 32 33 34 44 46 49 51 53 54 55 
13 15 16 21 31 32 34 36 37 43 44 45 50 52 
16 13 18 20 21 23 25 33 34 35 38 45 47 48 49 50 51 
12 13 14 26 29 34 35 38 39 42 44 45 55 
13 11 18 19 22 25 28 30 31 33 34 35 40 41 
14 11 14 16 17 19 21 24 28 35 36 41 44 53 54 
21 13 15 18 19 20 22 25 26 27 28 32 33 34 37 39 44 45 47 53 54 55 
12 13 18 22 25 27 34 36 38 39 40 48 55 
15 11 16 17 19 26 27 35 36 37 39 42 46 47 49 53 
11 16 20 21 23 24 27 30 35 41 46 54 
11 14 15 17 26 33 37 41 50 53 54 55 
19 13 20 21 22 24 26 30 31 32 34 38 40 43 44 46 48 50 53 55 
15 12 15 18 24 25 37 38 39 43 44 46 47 49 50 53 
17 13 18 19 21 22 23 25 26 33 34 36 37 43 50 51 53 55 
14 11 15 16 29 34 35 37 41 42 47 48 49 50 53 
15 11 12 15 18 23 24 25 27 30 34 35 41 49 50 54 
16 14 21 28 34 37 38 39 41 46 47 48 49 50 52 53 55 
14 15 20 22 27 30 36 43 44 45 46 48 49 50 54 
16 12 15 19 21 22 23 25 27 29 30 38 39 42 52 54 55 
17 11 13 14 18 19 20 21 25 30 33 37 40 44 47 50 52 55 
12 12 22 23 28 30 34 35 36 40 42 45 50 
20 11 14 18 23 27 30 31 32 33 36 37 41 44 46 47 48 49 50 52 55 
15 13 17 18 27 28 29 31 36 46 47 49 50 52 53 55 
13 11 14 16 17 21 22 32 33 36 41 45 48 52 
13 16 17 18 27 30 32 33 35 44 45 48 51 55 
14 22 23 28 30 31 33 34 37 41 44 46 48 54 55 
17 16 17 18 19 20 22 23 30 32 33 34 38 40 44 49 50 53 
17 12 13 14 16 18 19 20 22 27 29 32 37 43 47 48 49 52 
14 11 13 16 20 25 26 29 37 38 39 40 42 52 55 
10 12 15 17 18 20 21 27 45 48 53 
17 16 21 22 27 28 30 32 34 35 36 39 42 43 44 51 52 53 
17 11 16 23 24 26 29 30 31 32 37 38 39 42 44 45 51 54 
15 11 12 14 17 19 20 22 24 25 31 34 41 42 43 46 
15 11 16 17 18 20 22 24 26 36 37 38 45 48 52 55 
15 12 13 15 21 24 27 28 31 33 35 40 44 46 49 55 
12 11 13 20 21 29 38 39 43 44 47 48 51 
