10
2
9
24
3
84 60 
0 0 
24 108 
48 0 
48 24 
84 0 
0 96 
60 36 
12 48 
0 36 
158 155 268 43 203 209 1 258 25 242 91 23 21 24 164 147 64 102 71 174 73 98 64 244 
70 70 
90 40 
90 0 
0 70 
0 0 
30 10 
0 0 
0 0 
60 40 
5 18 30 
10 30 45 
1985 417 417 
10 12 13 22 23 26 28 29 30 31 34 
9 11 19 21 22 26 27 30 32 34 
7 11 17 18 25 26 32 34 
7 12 16 18 21 23 27 33 
6 12 20 21 23 31 32 
6 17 18 20 25 31 33 
6 15 25 26 28 30 32 
7 14 18 20 25 26 32 33 
10 11 12 13 14 19 25 26 32 33 34 
10 13 14 15 16 18 21 24 28 29 31 
13 12 17 20 21 22 25 26 31 35 39 40 42 43 
10 14 17 18 23 29 33 34 37 42 43 
7 19 21 25 26 30 40 43 
10 16 19 20 27 31 32 33 35 37 42 
14 12 19 20 23 25 26 28 31 33 35 36 38 40 43 
10 13 15 18 21 23 27 32 39 40 41 
12 15 16 20 23 26 27 30 31 35 37 38 39 
8 15 17 19 20 25 32 33 37 
13 14 18 20 22 23 29 34 35 37 38 40 42 43 
14 11 14 16 18 21 24 26 27 28 32 35 36 40 42 
12 11 12 16 19 20 22 25 27 33 34 35 39 
9 11 13 17 21 23 25 29 34 42 
10 12 14 16 19 31 35 40 41 42 43 
8 12 17 21 25 30 34 39 42 
12 12 15 16 19 22 27 28 30 36 39 40 42 
9 18 19 25 27 28 31 32 39 40 
11 14 16 21 23 24 28 33 34 35 41 43 
14 12 17 18 19 20 21 23 24 27 30 33 38 40 41 
14 16 18 20 22 23 25 26 30 31 35 38 39 40 43 
11 11 12 15 22 24 27 28 32 37 39 43 
11 13 14 16 17 18 19 21 27 30 34 40 
8 12 13 15 19 20 21 23 43 
10 11 16 17 20 26 31 32 35 36 38 
12 12 15 17 21 22 23 26 27 30 31 37 43 
