10
5
10
38
3
84 48 0 12 0 
12 0 84 36 0 
0 24 108 24 24 
0 60 0 0 84 
108 60 72 0 0 
0 24 0 0 36 
24 24 72 0 48 
96 0 0 60 0 
24 72 60 48 24 
84 72 24 24 96 
104 122 345 413 407 2 302 417 185 148 263 427 327 501 35 91 349 418 254 51 409 106 532 270 421 73 468 352 211 63 213 148 177 131 433 339 305 351 
0 0 90 10 0 
0 50 0 0 50 
70 0 40 40 80 
0 0 80 0 30 
20 30 10 0 0 
30 0 0 0 0 
0 70 0 0 30 
10 0 0 60 0 
0 20 0 0 0 
50 80 20 60 50 
5 18 30 
10 30 45 
3801 2027 481 
12 12 13 14 19 21 22 23 25 27 28 42 48 
19 11 13 14 15 16 17 20 21 23 24 25 27 28 36 42 43 44 46 47 
9 11 14 17 18 26 28 44 47 48 
15 11 12 14 15 16 20 21 24 32 37 38 41 42 44 48 
15 13 14 15 18 23 25 27 31 33 36 37 43 45 47 48 
12 11 16 17 19 25 27 30 33 39 44 47 48 
12 14 20 29 30 32 38 39 40 41 42 45 48 
11 13 16 21 22 26 31 38 40 41 47 48 
14 12 13 14 17 19 21 23 26 28 29 31 32 33 48 
11 12 13 14 23 26 28 34 35 37 40 42 
16 13 16 17 20 25 36 38 40 45 46 47 53 54 55 56 57 
18 18 20 21 24 25 26 27 29 33 36 42 43 45 46 49 53 54 58 
14 12 14 22 25 28 31 35 43 44 45 46 50 54 56 
23 12 13 16 19 20 23 24 25 27 28 30 31 35 38 39 40 41 42 45 47 48 49 56 
15 14 17 20 21 24 29 39 42 45 46 48 49 51 57 58 
21 15 19 20 21 22 23 27 29 30 32 33 34 39 40 41 44 45 47 49 51 53 
13 12 21 23 24 29 35 44 48 50 51 54 55 56 
19 11 14 15 16 19 21 22 24 28 29 31 35 36 41 46 48 49 50 53 
11 17 23 30 36 38 39 47 49 52 55 57 
19 12 15 16 17 18 23 28 31 32 34 35 36 43 44 48 51 52 56 57 
17 14 15 20 23 25 33 37 38 39 41 42 43 45 48 49 53 56 
22 11 13 15 19 21 24 25 27 28 29 36 38 42 43 44 48 49 50 51 52 54 55 
15 15 18 19 21 22 24 27 32 33 38 41 42 43 53 58 
11 13 20 29 32 33 38 45 51 56 57 58 
14 13 15 27 28 31 36 37 39 41 45 48 52 54 57 
18 12 13 14 17 18 19 20 21 22 28 29 32 38 40 41 46 47 55 
14 11 16 20 23 31 36 40 42 43 44 47 48 52 55 
10 15 29 30 31 40 42 45 46 47 57 
17 11 12 14 18 19 20 21 25 33 36 37 42 43 44 54 57 58 
19 16 17 22 23 26 27 31 32 34 39 40 41 42 44 48 49 53 55 56 
22 12 16 19 24 25 27 29 30 32 35 36 37 39 40 41 43 45 47 52 54 55 58 
20 12 14 15 19 22 23 25 29 30 31 33 38 39 41 42 43 49 51 56 58 
16 13 14 15 21 24 28 36 38 43 45 49 51 53 54 55 57 
10 23 25 28 31 33 37 44 49 53 54 
15 11 12 17 18 19 27 28 29 37 40 42 49 52 54 55 
12 11 12 14 17 27 29 33 39 40 42 45 47 
22 11 14 19 20 33 35 38 39 40 43 44 45 46 47 49 50 51 53 54 55 57 58 
18 11 15 17 21 22 23 26 29 31 34 40 42 44 48 50 51 53 57 
23 13 15 16 18 19 21 23 24 25 26 29 32 33 34 35 37 40 45 47 51 54 56 57 
17 11 12 13 17 18 22 23 29 32 33 35 37 38 42 43 52 55 
17 11 12 14 15 16 20 22 33 35 36 38 40 42 43 45 46 57 
10 12 15 17 31 35 36 39 41 52 54 
14 17 24 26 27 29 30 32 40 45 46 47 48 54 55 
20 13 15 17 18 21 23 26 27 29 33 35 36 37 39 40 42 46 51 52 56 
17 11 12 14 22 25 30 33 37 38 41 42 43 49 50 51 55 58 
16 13 15 21 22 25 27 28 30 31 34 41 42 48 52 54 55 
12 12 13 14 27 30 34 36 39 42 45 51 56 
11 11 13 16 22 24 42 45 50 51 55 56 
