10
6
10
34
3
48 72 96 108 0 0 
108 60 0 72 84 0 
24 96 48 12 36 24 
36 12 0 60 84 108 
36 0 12 0 0 0 
84 72 0 108 0 0 
0 0 84 0 0 0 
84 72 72 0 0 96 
72 60 96 96 60 0 
48 108 60 0 48 0 
168 535 248 259 526 199 492 175 7 259 455 392 495 60 299 598 130 677 183 90 360 591 479 543 501 322 73 514 97 131 130 510 494 538 
50 60 30 0 0 0 
0 0 0 50 70 0 
80 20 90 90 50 30 
60 0 0 0 80 0 
0 0 10 80 0 20 
50 70 0 30 0 20 
30 0 50 0 0 40 
0 0 30 0 0 0 
50 0 0 0 0 70 
60 10 0 0 50 0 
5 18 30 
10 30 45 
8931 385 1293 
9 13 14 15 18 24 25 27 36 44 
3 25 29 30 
10 12 13 14 18 26 27 35 36 37 38 
10 14 15 24 25 28 29 37 40 42 43 
14 13 14 18 19 21 22 23 24 25 31 33 36 39 43 
11 11 12 22 23 25 27 29 30 31 37 44 
10 13 15 17 19 21 22 24 25 40 42 
9 11 13 21 22 24 32 34 36 43 
8 12 14 19 27 32 33 36 41 
13 11 12 16 17 19 21 26 30 33 36 37 38 40 
16 14 15 16 19 23 24 26 28 29 35 37 39 45 47 48 51 
12 18 20 25 26 27 30 39 40 42 44 46 48 
16 14 18 21 22 23 25 26 29 32 37 38 44 46 47 48 51 
15 17 22 26 28 32 36 42 44 48 49 50 51 52 53 54 
14 12 14 16 18 23 24 35 40 42 43 44 47 51 52 
16 15 21 22 23 30 31 32 34 37 38 39 41 47 49 53 54 
15 15 16 18 19 21 24 29 33 34 36 41 42 47 50 52 
12 14 16 21 23 26 32 35 38 42 48 50 54 
13 13 14 16 30 33 36 38 40 43 45 50 51 54 
14 15 17 18 19 23 27 34 35 36 39 41 44 52 54 
17 12 13 18 20 23 24 25 27 30 33 34 37 38 43 44 47 53 
11 12 18 19 23 26 29 30 34 35 42 46 
11 12 20 26 31 32 39 43 48 49 50 54 
11 15 16 18 21 33 34 38 39 42 48 50 
13 14 18 19 23 28 30 34 35 45 48 49 50 53 
6 18 21 31 39 47 50 
12 13 19 21 22 24 30 33 34 39 42 49 52 
19 11 12 14 15 19 22 24 29 35 36 37 39 40 43 44 47 48 50 51 
16 11 12 16 17 18 25 26 28 31 33 36 37 43 44 45 48 
12 14 15 24 29 34 37 38 42 44 46 49 50 
17 13 14 15 18 19 20 24 26 30 32 33 36 37 41 43 47 48 
12 13 17 20 21 25 29 30 36 38 41 44 51 
12 15 20 24 27 28 36 37 44 47 50 51 54 
16 12 15 19 24 25 26 29 30 32 33 36 37 39 44 52 53 
14 11 13 14 15 18 20 23 26 28 33 40 42 44 54 
6 14 17 25 34 35 41 
17 14 17 19 20 21 22 24 32 35 40 41 44 48 49 50 51 54 
14 11 18 21 23 28 30 31 34 35 36 39 40 44 54 
9 11 12 14 24 28 30 41 43 47 
13 15 18 23 28 30 32 34 35 41 42 46 53 54 
15 12 13 17 19 20 21 22 26 28 29 43 47 48 51 54 
13 11 15 16 26 27 28 30 32 38 41 44 45 49 
21 11 12 16 17 18 19 20 23 29 31 36 38 44 45 46 47 48 51 52 53 54 
16 12 13 15 16 18 19 20 21 23 32 34 36 39 45 53 54 
