6
2
8
12
3
0 24 
36 36 
0 108 
12 24 
0 60 
60 12 
125 97 121 132 81 39 41 130 46 2 73 57 
40 40 
0 20 
0 0 
0 0 
0 30 
0 40 
0 0 
10 90 
5 18 30 
10 30 45 
857 49 121 
4 11 15 17 18 
3 7 8 9 
6 7 9 10 12 13 18 
5 8 15 16 17 18 
4 10 12 14 16 
5 7 8 12 13 16 
8 8 13 15 20 22 23 25 26 
9 9 11 12 14 17 19 20 22 23 
8 7 8 14 17 19 22 25 26 
6 12 14 15 18 23 25 
5 9 13 16 18 23 
11 7 8 9 10 13 14 15 16 19 23 24 
2 18 26 
5 7 11 13 19 21 
8 8 9 12 14 16 18 19 20 
7 11 13 14 17 18 20 23 
8 9 10 13 14 18 21 22 23 
7 7 8 15 17 21 23 24 
