6
3
8
27
3
0 84 108 
0 72 24 
84 12 60 
60 48 60 
0 60 72 
36 72 0 
58 210 99 299 75 41 78 20 65 282 142 118 123 215 63 159 289 135 38 126 105 34 133 75 125 114 80 
0 0 0 
20 50 60 
0 0 30 
0 10 50 
60 70 0 
0 0 80 
10 0 90 
0 80 0 
5 18 30 
10 30 45 
523 307 595 
10 8 11 14 18 23 24 25 26 29 31 
9 12 21 22 24 26 27 29 31 33 
12 8 9 13 18 22 25 26 28 29 30 31 32 
12 9 12 13 14 16 17 18 22 24 30 31 33 
6 12 15 17 19 25 28 
11 7 11 13 16 19 20 22 25 26 31 33 
13 8 11 19 22 24 25 28 29 35 36 38 39 40 
10 14 16 17 18 20 23 25 27 30 36 
13 7 12 15 20 23 25 31 32 34 37 39 40 41 
12 15 17 18 20 21 22 23 25 33 34 37 41 
10 12 14 20 21 22 29 33 35 36 37 
16 9 11 14 15 16 17 18 23 24 28 30 31 32 35 40 41 
14 7 10 11 15 17 21 22 23 27 33 37 38 39 41 
14 7 8 11 15 17 20 26 27 28 30 31 35 40 41 
12 7 8 9 13 14 23 27 28 30 31 33 37 
13 10 12 13 14 17 23 24 30 32 33 35 37 38 
11 7 10 11 13 14 16 30 31 34 35 39 
15 7 10 12 13 14 19 21 25 26 27 31 33 35 36 38 
17 8 10 12 14 16 21 23 25 27 28 32 33 36 38 39 40 41 
8 12 13 17 19 21 26 27 40 
11 16 18 20 22 23 25 27 29 35 36 39 
6 15 17 24 27 32 34 
7 8 18 20 28 29 31 38 
8 9 17 21 27 28 29 33 38 
13 9 15 16 17 23 30 34 35 36 37 38 40 41 
10 7 8 9 13 16 19 30 31 33 34 
11 7 8 12 13 14 17 20 24 25 29 37 
7 8 9 14 15 29 30 32 
12 11 15 19 22 23 26 30 32 34 36 37 41 
14 8 10 12 17 18 22 23 24 29 32 33 34 35 36 
13 11 12 19 20 23 25 26 29 33 34 35 36 38 
13 8 24 25 27 29 33 34 35 36 38 39 40 41 
7 11 13 18 19 26 29 34 
