6
4
4
23
3
84 48 0 36 
0 12 96 60 
48 0 108 84 
108 84 108 0 
0 24 60 60 
24 0 0 60 
155 143 39 76 117 33 150 143 3 173 91 27 76 61 111 155 175 77 58 33 194 132 146 
0 0 0 0 
0 30 70 50 
70 10 0 40 
0 60 0 60 
5 18 30 
10 30 45 
461 277 31 
11 11 12 16 17 19 21 22 24 25 26 29 
5 8 13 16 19 27 
6 7 11 12 13 15 26 
9 8 9 10 11 12 21 23 25 29 
9 8 11 12 17 19 20 23 27 28 
4 7 8 15 26 
12 8 9 12 13 14 17 21 24 26 27 32 33 
9 10 11 12 14 22 23 29 32 33 
9 11 12 16 17 18 19 24 26 27 
10 7 12 14 19 20 22 24 30 32 33 
9 8 13 14 16 17 20 22 30 31 
12 7 14 15 19 21 24 25 26 27 30 31 33 
8 16 18 24 25 26 28 30 32 
6 13 15 16 17 25 30 
5 7 14 16 19 27 
13 9 10 14 15 17 19 20 23 24 26 27 28 32 
4 10 18 20 29 
11 10 12 13 14 15 19 20 24 27 29 33 
10 7 10 13 15 16 18 23 29 32 33 
4 10 15 22 28 
8 11 12 18 25 27 28 29 32 
6 11 12 13 19 21 33 
5 12 14 22 25 32 
13 9 11 13 14 16 18 19 21 22 27 29 31 33 
15 7 8 9 10 11 12 14 15 19 21 22 26 30 31 32 
9 8 10 12 18 20 21 25 30 33 
8 9 10 12 13 16 19 30 32 
8 7 9 14 18 20 24 25 26 
6 8 15 18 26 28 32 
