7
4
4
27
3
36 36 84 0 
36 84 72 0 
96 0 96 36 
48 36 108 0 
12 0 48 12 
0 0 84 24 
0 84 84 84 
69 138 175 10 125 150 140 170 170 109 23 158 110 8 36 138 174 18 48 148 87 12 84 116 28 57 13 
0 20 70 0 
0 20 0 30 
0 20 90 70 
0 20 0 40 
5 18 30 
10 30 45 
703 217 307 
7 9 11 14 17 22 26 31 
9 8 9 17 18 21 25 31 32 34 
10 8 10 13 15 19 23 25 26 27 32 
7 13 17 22 24 25 26 31 
7 8 15 16 18 23 26 33 
13 8 12 13 15 16 17 19 23 25 27 30 31 34 
10 11 12 14 15 17 18 20 28 31 32 
9 13 14 17 19 21 25 28 34 37 
9 8 15 17 20 24 31 32 33 38 
11 14 17 20 21 23 24 29 31 35 36 38 
4 16 21 26 27 
14 10 13 18 19 23 24 26 27 29 30 35 36 37 38 
8 8 12 15 16 18 22 31 35 
7 8 19 20 21 27 33 35 
10 8 10 11 19 22 24 25 26 31 32 
9 10 11 17 18 20 21 22 25 33 
7 12 13 14 25 31 33 36 
9 8 12 15 16 17 22 24 27 38 
11 8 15 18 21 23 28 31 33 34 36 37 
16 11 13 14 15 18 19 22 23 25 27 28 33 34 36 37 38 
14 8 10 12 13 17 19 20 23 25 27 28 33 36 38 
10 15 16 19 21 23 24 30 33 36 38 
9 12 19 20 21 22 28 30 32 35 
12 11 14 15 16 21 23 26 29 30 32 35 37 
10 9 12 13 16 21 26 28 29 31 33 
8 8 16 18 24 29 30 33 37 
8 8 10 11 18 22 26 34 37 
13 8 9 13 16 17 19 24 29 31 34 35 37 38 
12 13 16 17 20 21 22 23 27 32 34 35 36 
9 8 12 16 17 18 22 25 35 38 
12 13 15 17 19 25 28 29 30 32 33 34 38 
10 9 13 16 17 22 26 29 34 36 37 
9 9 14 19 20 22 28 31 35 37 
10 11 12 17 18 21 22 27 32 35 36 
