7
6
6
29
3
72 96 0 96 0 108 
36 108 0 0 48 48 
36 0 0 0 0 12 
0 48 0 24 0 108 
0 72 0 0 60 96 
96 0 84 12 36 24 
48 108 108 0 84 48 
226 363 478 186 52 466 323 458 257 340 396 300 471 24 13 224 302 475 16 5 134 137 39 355 428 440 89 404 348 
0 60 40 90 0 0 
0 0 10 0 0 0 
50 50 40 0 30 90 
30 10 0 0 90 30 
70 30 90 0 50 0 
0 40 0 10 50 0 
5 18 30 
10 30 45 
3751 1045 1 
9 8 9 10 11 20 21 24 25 29 
10 9 11 14 17 18 19 22 23 32 34 
12 9 11 14 15 17 18 19 20 25 31 34 35 
10 9 10 12 14 17 19 22 28 29 35 
10 10 16 17 20 23 27 31 34 35 36 
12 10 12 14 17 19 21 22 23 31 33 34 36 
14 10 14 15 16 17 19 20 21 23 24 26 28 34 36 
12 17 19 21 23 27 28 29 30 32 33 35 38 
11 13 17 18 19 22 27 28 31 32 33 34 
7 8 12 16 25 27 33 34 
9 8 12 14 28 29 31 32 34 40 
9 10 11 16 18 19 34 35 40 41 
13 9 12 14 19 22 26 28 29 33 34 37 38 42 
8 8 23 25 26 27 34 38 41 
7 8 22 24 25 29 30 40 
10 10 12 13 15 17 23 31 35 37 38 
16 9 11 14 15 18 20 21 22 24 29 31 33 35 37 38 41 
11 12 20 24 25 27 28 30 31 32 33 37 
12 12 13 15 18 20 28 31 33 34 35 37 38 
13 10 13 14 17 18 21 23 28 36 37 38 39 42 
11 9 12 15 19 20 22 24 26 28 30 38 
13 9 12 15 17 18 20 21 26 27 30 32 36 39 
19 8 14 15 17 18 19 22 26 29 30 31 32 33 34 36 37 38 40 41 
14 8 10 12 15 20 25 26 28 31 32 36 38 39 42 
11 9 10 12 13 16 17 24 26 27 33 41 
9 8 13 27 28 31 35 38 40 41 
16 9 13 14 17 18 19 23 24 29 30 31 32 33 36 41 42 
4 19 20 35 37 
13 8 9 16 20 21 23 26 31 32 35 37 38 40 
9 18 19 26 32 34 35 36 39 40 
10 10 13 14 16 17 21 22 34 40 42 
13 9 11 12 14 15 16 17 19 20 22 24 31 36 
13 11 13 15 16 18 20 25 27 29 32 38 39 41 
13 8 10 11 14 19 21 22 23 25 32 37 38 40 
12 8 10 14 15 16 19 22 28 36 37 40 42 
14 10 11 12 13 17 21 24 25 28 29 31 32 35 41 
