7
6
4
30
3
0 12 48 48 108 108 
0 12 60 24 96 84 
0 96 84 0 0 12 
24 48 84 72 84 0 
84 0 108 0 0 0 
108 0 108 0 12 72 
96 24 0 0 0 48 
291 318 316 274 247 286 121 132 296 48 12 77 223 307 246 201 309 199 265 199 297 180 288 241 39 305 116 335 261 72 
0 0 10 60 0 90 
0 0 20 10 0 30 
80 0 90 40 50 20 
40 20 60 0 80 0 
5 18 30 
10 30 45 
5101 361 81 
14 13 16 17 18 20 22 25 27 29 30 31 32 33 34 
9 9 10 16 18 19 21 22 23 33 
7 13 19 25 30 32 34 36 
9 14 18 19 22 25 30 31 35 36 
12 8 10 11 13 14 16 18 19 20 22 25 34 
10 10 11 12 16 17 18 25 30 32 36 
6 10 23 26 28 30 31 
13 11 12 13 15 16 20 21 26 30 34 38 39 40 
14 10 13 14 21 24 30 31 32 33 34 35 38 40 41 
10 9 17 20 21 24 28 29 35 37 41 
9 8 10 16 19 21 25 34 39 41 
7 14 19 28 29 31 36 41 
14 10 11 14 17 18 22 24 25 30 31 33 34 39 40 
9 11 13 17 26 27 29 30 31 39 
10 16 20 21 23 24 26 28 30 38 41 
16 10 15 17 18 19 21 23 27 29 32 33 34 35 36 37 40 
11 10 13 14 15 21 26 27 29 30 37 41 
12 11 14 15 17 20 22 27 28 30 34 38 39 
12 8 11 12 20 23 24 26 27 31 34 37 38 
8 13 15 16 22 25 35 39 41 
9 11 13 20 23 28 29 35 39 40 
12 9 12 16 21 26 29 30 31 34 36 37 41 
12 8 9 11 12 14 22 25 30 32 33 34 37 
11 9 14 20 22 23 25 27 28 31 35 41 
9 11 15 17 22 29 31 33 34 36 
13 8 12 14 16 17 18 25 27 33 35 36 37 41 
13 13 16 19 22 23 24 26 32 33 35 38 39 40 
8 18 20 23 27 31 32 37 40 
10 10 14 17 19 21 22 24 30 39 41 
11 9 11 12 13 15 22 26 32 33 35 38 
11 8 10 12 13 17 18 27 29 34 36 39 
10 11 13 14 15 18 21 22 27 31 39 
11 8 9 12 13 16 23 24 25 29 31 35 
9 12 13 17 19 24 25 30 36 37 
13 9 10 19 21 22 23 26 33 36 37 38 40 41 
13 8 9 10 16 18 23 24 28 32 34 35 39 41 
8 8 9 12 17 25 27 29 34 
