7
3
7
48
3
96 0 0 
0 84 108 
84 96 48 
0 24 24 
24 24 0 
24 60 0 
0 72 108 
87 224 109 163 208 54 139 32 47 205 52 109 140 246 159 148 251 243 161 202 132 215 82 177 247 177 111 253 3 167 58 234 99 55 32 227 249 181 174 130 107 218 243 4 69 138 35 212 
0 0 0 
0 0 0 
0 80 0 
30 70 90 
0 0 70 
0 20 40 
70 0 50 
5 18 30 
10 30 45 
5537 33 193 
16 11 13 15 16 20 27 28 29 32 33 39 40 41 47 48 52 
15 10 15 20 26 27 29 32 33 37 40 41 42 43 46 47 
15 8 14 17 25 28 31 33 38 39 40 41 43 47 49 50 
15 8 10 11 15 21 23 26 32 33 39 43 45 51 52 54 
13 13 14 15 16 19 27 31 45 46 48 49 51 53 
16 13 16 18 19 21 23 25 30 33 34 37 41 42 43 50 52 
12 9 13 15 24 25 26 29 32 33 36 51 52 
23 14 15 17 26 27 28 30 31 34 35 36 37 38 39 40 41 42 45 47 48 49 50 60 
17 10 12 13 16 19 20 21 26 32 33 39 45 48 55 57 58 59 
24 9 14 15 17 20 23 26 27 30 32 35 36 38 39 40 45 47 48 51 54 56 58 60 61 
22 14 17 20 24 26 27 28 29 31 32 36 39 41 42 43 47 49 51 54 55 60 62 
22 8 11 19 22 24 26 27 29 31 35 37 41 42 45 49 50 51 52 57 58 59 61 
17 9 10 15 16 17 24 28 30 32 33 40 45 47 56 58 60 62 
23 8 9 13 20 21 29 31 32 34 38 40 41 43 45 48 49 50 51 53 54 56 58 62 
19 8 9 12 13 16 19 22 23 26 27 30 36 40 42 44 46 48 58 59 
19 8 9 10 11 19 21 23 25 31 35 42 44 45 48 51 52 54 59 61 
19 10 16 21 23 24 26 29 33 34 36 43 44 46 47 51 56 59 60 62 
19 8 10 11 14 22 30 34 35 36 39 41 42 46 48 49 50 51 52 56 
22 9 11 12 15 16 17 24 25 27 28 30 34 36 42 44 45 46 48 51 54 57 59 
15 9 12 14 16 18 21 22 31 38 39 40 47 49 50 61 
17 8 15 19 20 23 27 29 30 32 38 40 51 54 55 58 59 61 
17 9 11 13 14 23 25 28 30 37 38 39 46 48 51 52 57 58 
25 9 13 14 15 16 19 20 24 26 27 31 32 36 41 42 43 44 45 46 49 53 56 57 58 61 
14 8 9 12 14 15 21 23 25 26 30 34 37 49 55 
18 8 11 16 19 21 26 30 31 35 40 42 43 45 52 54 57 59 60 
18 9 11 13 19 22 31 37 39 40 41 45 48 49 50 56 59 60 62 
24 8 9 16 17 18 19 21 23 24 26 29 31 32 33 34 38 39 40 41 48 55 57 58 60 
12 8 11 22 31 41 45 47 48 49 55 57 58 
17 8 9 10 11 15 17 22 24 25 30 33 40 48 51 54 58 62 
14 13 19 21 28 32 33 38 41 42 52 54 55 59 62 
16 8 16 19 25 27 33 40 43 47 48 49 51 52 55 57 62 
21 9 10 17 18 19 20 21 26 28 30 31 33 34 35 38 47 52 53 58 59 60 
13 11 13 14 19 20 24 26 34 47 49 50 59 62 
18 11 18 21 24 25 27 35 41 43 46 50 51 54 56 57 58 60 62 
27 8 16 17 18 19 20 22 29 30 31 32 34 38 39 43 44 45 46 48 49 50 51 52 53 55 57 62 
16 11 12 13 14 16 17 21 25 28 31 33 35 37 44 50 59 
12 14 19 20 23 25 30 36 38 44 45 55 57 
18 8 11 17 19 21 28 29 32 36 39 40 46 47 48 55 57 58 61 
16 9 10 13 17 25 27 29 30 31 33 41 49 53 56 59 60 
20 11 12 17 18 19 20 28 34 37 38 42 45 46 49 51 53 55 56 60 62 
15 9 11 15 26 29 30 31 35 36 38 44 45 58 60 61 
10 8 20 24 32 34 39 45 46 51 52 
14 8 15 17 18 23 25 26 29 33 34 51 52 54 58 
31 8 9 10 11 12 14 15 16 17 19 20 21 22 23 24 27 31 33 35 36 37 39 43 45 47 48 49 53 57 61 62 
15 9 10 11 12 18 19 26 31 35 44 47 52 56 60 61 
19 8 9 15 16 21 22 25 27 28 33 36 41 47 51 54 55 56 57 58 
18 8 9 11 12 21 22 23 27 29 36 38 41 50 51 53 58 59 62 
15 10 13 15 17 20 27 28 31 40 41 44 47 49 61 62 
19 8 11 13 14 17 19 20 22 25 27 28 30 42 45 51 52 53 56 58 
18 11 17 21 25 27 28 30 32 38 40 44 49 52 54 55 60 61 62 
10 12 13 18 22 23 38 41 42 45 46 
17 19 20 24 28 31 34 35 44 47 49 50 51 54 55 60 61 62 
23 8 12 13 15 19 20 22 25 26 29 37 38 43 46 49 51 52 55 57 58 59 60 61 
19 9 14 17 20 23 24 28 30 31 35 37 38 43 46 50 51 52 55 58 
19 11 12 13 14 15 17 19 23 29 35 38 39 42 43 45 47 54 57 59 
