8
6
3
25
3
0 36 36 12 0 60 
48 0 0 0 108 12 
12 36 0 0 84 0 
0 0 96 24 72 60 
0 84 96 12 36 84 
84 48 12 0 0 0 
96 0 0 36 12 0 
60 84 12 0 84 0 
75 148 66 98 224 180 194 175 41 165 72 187 190 205 97 140 119 149 20 218 222 35 17 168 223 
50 0 0 0 10 90 
10 50 70 40 40 20 
40 50 0 0 0 0 
5 18 30 
10 30 45 
1233 783 433 
7 10 11 14 20 21 22 30 
6 14 17 18 28 30 33 
5 16 24 29 30 32 
9 10 15 19 20 21 23 31 32 33 
11 9 10 12 15 16 19 20 26 27 28 33 
2 21 29 
5 15 21 29 30 31 
9 10 11 13 15 16 22 25 27 31 
7 19 21 25 26 27 28 31 
10 11 18 21 22 23 24 25 27 33 36 
13 9 10 12 14 15 17 19 22 24 27 28 30 32 
11 11 15 21 22 23 24 28 32 33 34 35 
11 14 15 16 18 22 23 25 27 30 34 36 
10 10 11 15 20 21 22 26 29 31 32 
4 9 21 24 36 
11 14 15 17 19 21 23 24 28 30 32 33 
10 9 10 13 15 18 19 20 21 22 26 
8 11 12 13 22 26 28 35 36 
7 11 17 22 23 25 29 31 
12 9 11 16 17 18 24 26 28 29 30 33 35 
10 11 15 18 20 24 26 28 33 35 36 
11 13 14 16 18 23 25 28 29 34 35 36 
10 10 17 20 27 28 30 31 33 34 35 
10 10 12 15 16 17 20 23 33 34 36 
12 9 11 12 13 18 19 23 28 30 32 33 35 
7 11 12 20 22 24 25 35 
16 9 11 12 13 15 17 18 19 20 21 22 23 26 28 33 36 
11 9 11 16 18 21 26 29 31 32 33 36 
11 9 11 12 13 15 18 19 22 25 30 36 
6 21 22 24 25 28 33 
7 13 21 26 27 29 32 35 
5 9 17 18 25 27 
9 9 10 11 19 22 24 26 28 32 
