8
3
7
26
3
84 24 48 
0 36 96 
108 36 12 
108 0 0 
12 0 48 
96 0 60 
84 108 108 
0 84 0 
234 104 14 139 43 286 294 193 147 164 153 112 118 225 75 77 243 256 16 202 274 244 137 276 19 217 
0 0 10 
20 0 80 
20 10 0 
0 0 0 
0 50 60 
60 60 60 
50 50 90 
5 18 30 
10 30 45 
3397 139 555 
8 9 12 16 19 22 24 31 32 
13 9 11 13 14 19 20 21 22 24 25 26 28 32 
11 9 11 13 17 19 21 25 26 28 29 30 
10 12 14 15 20 23 26 27 32 33 34 
15 13 15 16 17 19 21 22 24 25 26 28 30 31 33 34 
12 9 12 13 15 17 19 21 22 23 25 29 34 
8 10 12 14 18 20 29 31 34 
9 13 15 16 17 18 25 26 27 28 
12 13 16 18 24 25 26 27 29 31 34 35 40 
11 9 11 12 15 18 19 20 26 30 35 37 
11 12 14 16 17 19 27 28 29 32 37 38 
11 9 15 17 18 20 24 27 32 34 40 41 
14 10 11 14 15 17 18 24 26 28 33 34 38 39 41 
9 10 22 27 29 30 31 36 37 38 
12 12 13 17 19 21 22 25 28 29 32 33 36 
10 10 17 18 20 23 25 29 37 38 41 
9 15 20 22 24 31 33 34 35 40 
13 9 13 14 17 19 22 24 25 29 30 31 37 40 
14 9 13 14 16 18 22 24 30 31 35 36 37 39 40 
11 9 12 14 16 19 21 25 26 29 38 41 
11 12 13 17 22 29 30 31 32 37 40 41 
10 12 13 16 18 25 26 35 38 39 41 
12 11 13 16 19 27 28 30 31 32 38 39 41 
7 12 17 20 28 29 32 40 
9 10 13 15 22 23 29 31 37 40 
12 9 10 13 16 22 24 33 34 35 37 38 41 
9 17 19 20 24 28 32 33 38 41 
4 11 12 18 41 
9 10 11 12 14 30 33 34 39 40 
7 20 22 28 32 35 37 38 
15 9 11 12 14 15 22 24 26 30 33 34 35 36 37 40 
9 18 23 27 29 30 31 35 36 41 
6 13 14 17 25 28 37 
10 10 12 18 19 20 30 33 35 37 40 
