8
2
4
40
3
48 84 
0 0 
72 36 
84 0 
0 24 
0 0 
0 96 
0 96 
11 13 8 12 12 1 13 5 4 11 14 2 14 8 4 4 14 4 14 13 4 13 11 11 0 2 10 8 9 4 5 14 10 10 6 8 14 1 5 10 
0 0 
30 0 
0 0 
0 0 
5 18 30 
10 30 45 
53 1 27 
17 9 12 13 14 15 19 21 23 25 27 32 33 36 38 39 45 46 
12 10 11 13 19 20 24 29 31 32 34 35 42 
13 11 12 14 16 19 24 29 34 36 37 41 43 48 
14 9 12 17 18 19 22 24 25 35 36 37 40 41 44 
19 9 10 11 15 20 23 24 25 26 27 30 31 37 39 40 42 44 45 46 
9 13 18 20 23 27 30 44 45 48 
17 10 11 13 14 16 18 19 21 22 25 27 28 29 30 35 39 41 
16 9 10 16 18 22 23 25 29 34 36 37 39 42 43 46 48 
6 11 14 16 18 20 49 
19 9 12 16 18 19 21 22 27 28 32 33 34 36 39 40 42 44 47 52 
17 9 10 12 13 16 17 21 22 26 28 35 36 38 43 45 50 52 
13 13 14 18 20 27 30 34 36 37 38 40 42 45 
8 10 14 24 29 30 34 44 47 
13 17 18 19 22 26 32 37 41 43 47 48 50 52 
16 11 12 20 26 27 32 35 36 37 40 41 43 47 48 49 51 
12 11 12 19 22 27 30 36 38 45 47 49 51 
15 12 13 15 16 24 25 31 32 33 34 35 36 40 42 52 
12 9 13 19 21 24 25 26 28 34 38 41 43 
18 12 13 14 18 21 23 27 29 32 33 38 41 42 43 46 47 49 50 
16 9 10 13 15 23 25 28 30 32 36 39 40 41 43 46 47 
12 9 11 16 17 18 24 25 31 42 43 46 52 
17 9 13 15 17 20 23 25 26 27 28 29 31 37 38 40 51 52 
17 11 14 16 26 31 33 34 38 41 43 44 46 47 48 49 51 52 
15 11 14 18 19 23 31 32 33 34 36 37 44 45 51 52 
11 9 16 20 23 27 28 33 37 39 41 51 
13 10 11 13 27 31 32 34 38 39 47 49 50 52 
12 13 28 29 31 43 44 45 46 48 49 50 51 
15 12 14 17 18 20 22 23 24 26 27 34 36 39 45 49 
10 10 15 16 25 34 35 37 40 48 50 
17 11 19 20 21 22 26 36 37 39 41 42 44 45 47 48 49 51 
15 13 17 18 20 22 35 37 40 42 43 44 45 48 50 51 
12 9 13 16 18 27 29 36 42 43 44 49 51 
15 10 12 14 16 19 21 22 23 24 29 32 42 45 47 51 
9 16 20 24 25 28 31 33 38 48 
15 11 14 15 16 18 19 22 23 24 32 33 36 40 42 49 
18 9 10 14 16 17 19 20 22 24 26 32 38 39 40 41 45 47 51 
16 13 16 17 19 22 26 27 29 30 34 35 40 41 46 47 52 
18 10 16 18 20 23 24 25 27 30 34 39 44 45 46 47 48 49 50 
15 11 13 17 20 22 23 24 26 27 29 34 40 42 49 52 
19 9 12 15 16 18 19 23 24 25 29 32 35 37 42 43 46 48 51 52 
17 11 17 18 19 20 24 25 26 27 33 34 36 38 39 46 48 50 
14 12 21 22 24 25 28 30 35 37 38 40 41 46 49 
17 9 10 13 15 17 21 25 29 30 31 36 37 40 45 46 47 51 
13 10 12 16 23 24 26 31 32 34 42 45 46 48 
19 16 17 18 20 21 22 24 25 26 27 30 32 33 42 46 47 49 51 52 
13 16 18 21 25 29 31 37 38 41 42 43 44 51 
25 10 11 12 15 19 20 22 23 25 26 27 29 30 33 34 35 36 37 38 40 42 43 45 48 49 
13 12 16 17 25 29 31 35 36 37 38 39 41 50 
