8
3
3
49
3
60 0 48 
0 84 12 
12 24 108 
24 0 0 
0 24 84 
0 12 0 
0 84 108 
108 0 0 
31 75 55 22 35 66 108 23 100 84 61 10 94 85 32 36 102 11 31 55 40 1 36 77 18 55 57 94 53 59 42 87 95 47 5 112 14 94 107 101 68 63 71 31 88 24 105 57 21 
0 80 40 
0 0 0 
0 90 20 
5 18 30 
10 30 45 
687 261 65 
14 9 12 17 27 32 36 39 42 43 44 46 52 54 57 
18 10 11 12 15 19 21 22 24 25 27 31 37 44 45 49 53 54 57 
12 11 13 19 21 23 29 35 41 44 48 51 57 
21 9 13 14 15 18 19 20 21 22 25 27 32 34 35 36 37 38 42 43 55 57 
16 9 12 13 18 19 27 28 30 34 36 38 43 44 47 48 50 
15 15 16 18 19 21 24 25 28 32 35 41 48 49 52 53 
23 9 11 12 13 15 16 17 20 21 23 24 26 29 30 32 34 40 41 46 47 48 50 56 
21 9 10 11 15 17 18 22 23 25 27 34 35 36 39 40 41 47 48 52 54 56 
17 11 12 16 22 26 28 35 36 41 43 44 45 47 53 55 59 60 
24 9 11 14 18 19 20 22 23 24 27 33 35 37 38 39 43 44 46 48 50 53 56 58 60 
17 13 18 23 25 28 29 31 37 39 40 41 42 46 49 50 51 60 
14 10 19 22 25 26 28 34 37 44 53 54 55 57 58 
18 11 15 17 18 22 28 30 31 35 36 39 44 49 51 55 58 59 60 
15 13 19 20 21 25 29 31 32 35 36 38 39 41 44 49 
16 16 17 21 24 28 35 36 37 40 41 42 43 48 53 58 60 
17 12 17 19 22 23 24 27 31 32 35 36 38 39 40 49 50 52 
13 9 11 13 15 18 22 30 35 38 42 46 57 58 
12 11 17 20 28 35 38 39 45 46 47 49 51 
20 21 27 28 30 32 34 38 40 41 43 45 47 49 50 52 53 54 55 59 60 
20 9 11 13 16 18 21 25 26 29 31 34 35 40 41 46 47 51 52 54 59 
18 10 11 14 18 28 32 35 39 40 42 43 45 46 49 51 57 58 59 
20 12 13 14 19 20 21 25 26 32 34 38 40 42 45 47 48 49 50 51 54 
13 9 11 12 14 15 16 22 24 25 32 34 49 50 
22 10 15 18 19 22 23 27 28 29 30 31 32 33 37 38 40 44 51 52 54 55 58 
15 14 15 21 23 28 31 38 39 42 43 46 48 50 56 58 
11 9 17 21 23 28 32 34 37 40 44 58 
20 9 12 14 18 24 26 30 32 33 36 37 39 43 52 53 54 55 56 58 60 
17 10 13 16 17 20 36 37 38 39 40 41 42 44 48 51 56 60 
15 10 11 13 14 17 18 24 35 37 39 40 42 46 47 60 
14 9 13 14 17 23 25 33 36 38 42 53 55 57 58 
13 14 15 20 22 25 29 37 39 40 42 44 52 59 
20 10 11 13 18 19 21 22 26 28 30 35 36 38 42 44 49 53 54 58 60 
20 9 11 15 17 18 19 20 26 28 29 30 39 40 43 46 47 48 50 51 57 
18 9 13 16 18 19 21 22 24 27 31 41 43 44 46 48 52 53 55 
15 16 17 18 20 21 31 33 36 43 50 51 52 53 55 57 
22 9 10 14 15 22 24 25 26 27 29 30 35 37 38 39 42 46 49 51 52 55 60 
16 9 19 23 24 26 31 32 34 36 38 41 43 50 52 57 58 
18 10 12 14 16 18 21 30 34 42 44 45 49 50 51 53 56 58 60 
15 10 12 15 17 18 23 30 31 35 40 46 49 53 55 58 
13 15 19 23 30 33 39 41 45 48 49 55 58 60 
14 11 16 19 22 24 26 28 31 35 36 37 43 52 54 
22 9 10 11 12 16 18 19 22 25 26 29 35 38 40 41 44 49 51 52 56 59 60 
25 10 11 12 13 16 17 19 22 25 26 30 34 39 41 44 45 47 48 49 51 54 55 56 57 59 
21 9 10 14 19 21 24 25 26 28 29 32 34 42 45 49 50 51 52 54 55 59 
19 10 13 14 17 22 24 31 32 35 40 41 42 43 44 48 51 53 55 59 
14 10 11 19 21 23 25 26 32 33 36 37 39 45 57 
11 12 14 21 23 31 48 49 51 52 55 57 
21 9 16 18 19 22 25 26 27 30 32 33 37 39 40 41 47 49 51 53 54 56 
18 12 16 17 24 29 30 31 32 37 44 45 46 47 50 52 54 58 60 
22 10 13 17 18 22 24 29 30 31 34 35 36 38 39 40 41 43 48 49 51 54 56 
16 11 18 20 21 22 24 25 29 31 32 40 42 48 54 56 57 
10 9 16 19 21 26 30 34 45 54 60 
20 9 11 14 16 18 22 26 29 32 34 35 36 37 42 45 54 56 57 58 60 
27 9 12 14 15 23 25 27 28 29 33 34 36 37 38 40 44 46 47 48 49 50 52 53 55 56 57 59 
18 13 14 17 19 20 22 25 28 29 31 36 40 41 48 49 51 58 60 
14 13 18 27 28 32 33 34 36 39 51 53 54 59 60 
19 10 12 14 16 19 23 26 27 30 33 34 36 37 40 41 46 47 51 58 
