8
2
5
48
3
0 84 
0 24 
60 0 
12 0 
96 0 
72 0 
36 96 
0 60 
68 143 122 31 109 52 28 43 87 189 174 193 128 90 81 129 68 112 9 116 83 23 95 49 115 6 2 80 165 91 78 30 53 142 38 107 46 87 121 47 159 157 20 25 50 101 7 201 
60 90 
40 30 
20 0 
40 50 
40 40 
5 18 30 
10 30 45 
4513 929 193 
13 12 13 17 18 20 27 31 35 36 37 38 40 42 
11 9 22 24 27 28 41 46 48 51 53 55 
11 9 12 18 19 22 34 36 43 45 49 54 
12 9 13 15 17 18 19 20 32 34 45 48 54 
11 15 17 20 22 31 36 38 40 41 47 51 
17 13 15 17 18 20 24 27 31 34 35 41 42 45 47 48 52 53 
14 9 10 11 15 16 23 25 26 28 39 41 43 47 51 
13 19 26 28 29 34 39 40 42 44 45 49 54 55 
20 12 13 14 16 19 20 23 24 26 36 38 39 42 45 47 48 50 51 52 61 
14 13 23 26 33 38 40 42 45 46 52 55 56 57 58 
19 10 19 21 26 29 31 33 37 39 42 43 48 49 50 52 55 56 59 60 
14 9 10 16 19 20 22 29 41 47 53 56 57 59 61 
18 9 11 12 16 18 23 24 26 31 34 35 42 44 48 51 53 54 60 
18 10 18 19 20 22 24 31 32 39 41 49 50 51 52 56 58 60 61 
18 18 21 22 33 39 41 43 44 45 46 47 48 49 52 53 54 58 59 
19 11 12 14 17 21 23 24 25 26 28 30 37 40 47 51 52 57 58 61 
13 10 12 14 29 32 43 48 50 52 53 55 56 57 
17 10 13 25 26 28 30 34 36 40 41 43 44 46 48 52 54 60 
14 20 21 22 23 24 26 28 37 41 44 46 48 50 52 
15 11 13 17 19 21 25 33 34 36 39 42 48 55 57 61 
22 9 10 11 12 15 16 25 28 29 30 32 33 37 43 44 47 48 53 57 58 60 61 
15 9 11 15 19 20 27 28 29 30 32 34 41 44 52 56 
18 9 12 15 21 22 24 26 31 35 37 39 41 46 50 52 55 60 61 
23 9 10 11 13 14 17 19 25 27 29 30 31 32 33 34 36 39 41 49 54 57 58 60 
21 11 13 16 17 20 21 22 23 24 29 32 34 35 36 39 46 51 52 53 55 60 
18 10 11 17 19 24 25 31 32 33 34 36 38 44 45 48 50 53 58 
16 12 14 15 22 24 31 38 39 44 48 49 52 53 55 58 59 
16 11 12 19 20 21 33 36 37 43 47 48 49 51 54 55 59 
17 12 13 16 17 20 25 31 32 36 42 43 44 50 51 53 56 58 
11 9 14 18 25 29 32 34 35 47 48 51 
22 9 11 16 17 22 23 24 26 27 30 32 33 34 36 38 41 45 46 49 51 59 61 
16 9 12 24 26 27 29 31 33 35 36 39 44 50 51 56 58 
17 11 13 15 21 23 26 30 35 37 39 44 45 50 52 53 57 61 
22 9 14 18 20 21 24 28 29 30 32 35 37 39 43 44 50 51 53 54 55 58 61 
16 11 13 14 18 26 28 30 32 36 41 42 50 51 54 58 60 
22 9 10 11 12 17 18 20 21 22 25 26 27 29 31 35 42 43 46 47 55 56 58 
19 9 12 20 22 24 27 30 32 33 34 42 43 44 51 53 54 56 59 61 
21 9 10 11 12 13 14 17 21 25 31 34 35 37 42 43 44 45 47 49 50 52 
13 11 13 15 23 24 34 42 45 47 50 51 53 58 
17 9 12 15 21 23 25 27 28 29 36 42 48 49 55 57 58 60 
20 9 11 13 14 16 20 22 26 29 32 35 37 39 42 46 51 53 54 58 60 
18 11 13 15 18 20 21 26 27 29 31 37 41 44 47 49 52 59 60 
14 9 15 17 20 23 27 34 36 38 42 44 48 56 59 
20 9 11 12 13 14 15 18 26 28 31 33 36 38 41 42 47 50 55 60 61 
12 12 14 20 32 33 34 37 38 42 47 48 55 
15 16 18 24 28 31 38 40 42 45 48 49 53 54 57 60 
16 9 13 15 16 17 21 23 30 33 34 37 42 46 48 50 57 
23 9 10 11 17 18 23 24 27 29 30 31 33 34 36 37 39 40 43 45 55 57 58 59 
23 13 14 18 22 26 29 31 32 33 36 40 42 43 44 45 46 51 52 54 55 59 60 61 
20 15 16 17 19 22 27 29 33 34 35 36 37 44 46 48 49 54 56 57 58 
15 9 11 12 13 23 28 36 37 39 45 46 49 52 59 60 
18 12 14 15 16 17 21 23 24 27 28 32 34 37 44 46 47 49 58 
18 10 11 15 29 30 38 40 44 45 47 49 51 54 55 56 57 58 60 
15 10 11 15 16 27 35 36 37 39 40 43 45 47 56 59 
15 11 15 20 21 26 27 33 34 35 36 37 52 53 56 60 
21 13 15 16 21 22 23 25 27 29 30 35 36 37 42 46 47 48 50 51 58 60 
