9
5
4
17
3
0 48 108 96 36 
60 12 12 72 84 
0 36 0 0 12 
12 24 0 84 0 
96 12 0 72 36 
36 24 24 48 72 
108 36 96 60 0 
48 0 0 0 0 
108 84 108 60 48 
5 237 350 173 215 227 142 133 131 285 343 66 321 167 83 272 355 
50 70 20 0 80 
0 0 50 0 0 
70 50 90 70 20 
0 0 80 50 50 
5 18 30 
10 30 45 
533 419 477 
6 11 12 13 16 17 25 
6 10 11 14 21 24 26 
6 11 13 16 18 21 24 
4 12 14 18 26 
5 11 12 22 24 26 
6 12 17 19 20 24 25 
3 15 21 22 
8 10 11 12 16 18 20 22 24 
5 11 14 16 23 25 
5 14 15 22 26 29 
9 12 14 16 20 21 22 25 26 27 
4 13 19 20 21 
5 11 18 24 28 30 
7 12 13 16 17 18 20 25 
10 10 11 13 14 16 18 19 22 24 27 
8 11 14 15 18 21 23 28 30 
10 12 14 15 16 20 21 26 27 28 29 
5 13 19 20 27 30 
7 10 16 22 23 25 28 30 
6 12 18 21 22 27 29 
9 12 14 16 17 18 26 28 29 30 
9 10 11 14 16 17 21 23 24 26 
7 10 11 14 18 24 25 26 
10 12 14 17 21 22 25 26 27 28 30 
4 18 21 23 27 
7 11 16 17 23 24 28 30 
