9
2
5
19
3
108 96 
96 108 
48 24 
96 0 
96 24 
0 36 
60 72 
60 0 
24 36 
141 146 188 125 215 225 23 73 30 70 113 79 78 229 193 128 77 48 52 
10 0 
80 70 
90 90 
0 50 
0 70 
5 18 30 
10 30 45 
609 215 253 
7 10 11 12 14 22 25 27 
6 10 12 14 16 19 20 
5 13 16 22 26 28 
6 11 13 21 25 26 28 
9 12 17 18 20 21 22 24 25 27 
9 10 12 13 16 18 19 20 21 22 
5 10 18 19 22 26 
8 14 16 17 21 22 23 24 26 
4 13 18 21 25 
7 15 16 19 21 22 25 31 
9 12 13 16 17 19 20 23 25 33 
9 17 20 21 25 27 30 31 32 33 
9 12 16 19 21 22 23 30 31 33 
5 11 24 28 31 33 
5 12 13 17 21 27 
7 12 13 17 18 20 32 33 
6 16 21 23 26 29 33 
8 11 19 23 24 27 28 30 31 
7 11 14 20 21 23 25 32 
11 10 11 13 15 16 19 23 25 26 28 33 
9 12 16 17 18 22 26 28 29 32 
10 13 16 17 18 21 25 26 28 30 31 
7 17 19 22 24 25 27 28 
4 12 18 19 26 
11 11 12 15 16 21 22 24 29 31 32 33 
9 11 15 18 19 20 21 24 27 33 
6 10 11 16 18 28 29 
9 14 15 16 17 18 21 23 25 31 
