9
4
6
36
3
72 12 48 36 
0 60 0 108 
108 0 0 24 
0 0 60 0 
60 12 72 36 
0 24 24 96 
24 0 108 0 
0 96 36 12 
96 60 0 0 
139 352 180 260 107 219 170 126 68 220 17 143 208 105 123 224 205 300 201 353 238 108 148 60 127 208 130 200 241 160 100 284 309 248 276 360 
80 80 0 10 
90 0 60 40 
60 0 50 0 
10 0 0 10 
0 80 0 20 
80 40 0 30 
5 18 30 
10 30 45 
841 1129 193 
15 12 13 17 21 22 24 25 26 28 30 31 32 33 36 44 
10 10 14 19 22 29 35 37 40 41 42 
19 12 13 14 16 18 19 21 23 24 27 28 29 30 31 34 36 40 44 45 
12 11 15 16 18 20 26 27 28 33 37 43 45 
11 12 14 15 21 26 28 33 34 39 40 45 
8 10 11 12 16 26 31 35 44 
13 11 12 15 17 21 22 26 29 38 39 40 43 45 
9 10 11 13 14 25 28 30 31 32 
14 10 11 17 21 22 28 29 31 33 34 41 42 44 45 
16 11 12 13 17 18 21 23 25 29 36 40 41 42 43 48 51 
12 10 14 16 22 23 31 33 35 36 44 48 51 
20 10 16 19 20 21 22 24 25 26 27 28 32 34 36 37 39 40 41 46 47 
14 12 25 26 29 31 35 36 37 38 40 45 46 48 49 
17 12 15 16 18 19 26 27 29 32 33 36 39 45 47 48 49 51 
16 10 11 18 19 23 29 30 32 33 34 37 39 45 46 48 50 
11 12 14 15 21 22 24 28 30 31 39 40 
15 11 14 15 22 23 24 27 32 33 35 39 40 43 45 50 
11 15 16 19 23 26 27 28 29 34 42 51 
13 10 12 21 22 23 26 28 31 35 36 43 45 46 
19 10 12 14 16 21 22 24 26 28 29 33 34 36 40 41 43 45 48 50 
14 10 11 14 17 22 25 26 29 31 32 33 35 37 40 
19 10 14 17 19 23 27 28 29 30 33 35 37 38 39 42 46 49 50 51 
12 13 15 20 25 26 28 31 32 34 36 47 49 
11 10 11 12 22 23 25 29 38 40 45 51 
16 11 12 14 17 20 24 26 27 34 35 37 38 41 43 44 50 
12 10 16 17 20 21 25 29 30 36 40 44 50 
13 11 14 17 18 19 23 30 31 32 41 42 43 48 
12 15 18 19 20 22 23 24 29 32 41 42 45 
9 10 14 15 17 21 22 27 39 47 
17 10 11 12 13 14 24 25 28 31 36 37 39 43 45 46 50 51 
12 11 13 26 28 29 30 38 39 42 44 46 51 
12 10 13 16 18 29 34 36 37 40 42 46 48 
14 10 11 12 13 14 19 22 25 26 32 37 41 44 47 
12 10 13 15 16 23 27 30 33 37 46 48 49 
13 10 16 18 19 21 31 36 37 39 41 45 46 51 
8 15 16 22 31 33 35 44 50 
12 11 13 31 32 33 34 35 36 39 41 50 51 
17 10 11 16 21 22 23 25 26 27 32 34 36 41 42 45 47 51 
16 10 13 14 16 18 19 26 27 29 30 34 35 38 41 44 48 
13 11 14 16 17 25 30 33 34 38 42 43 50 51 
14 10 11 17 20 21 22 30 34 35 39 44 47 49 50 
13 10 12 14 18 21 23 29 33 39 44 47 50 51 
15 12 13 14 17 24 25 27 29 32 35 36 38 41 47 49 
12 10 12 13 14 16 17 18 21 23 28 36 45 
10 10 15 25 33 34 35 40 44 46 48 
