9
3
5
46
3
108 60 96 
72 24 84 
72 0 12 
0 0 12 
0 0 0 
84 0 36 
60 84 0 
0 96 96 
12 60 0 
82 87 87 112 29 86 19 3 20 131 68 107 121 69 124 57 126 88 119 99 104 48 115 0 76 6 39 27 16 20 1 28 44 131 5 64 77 117 102 120 46 21 103 62 89 40 
10 40 0 
0 0 0 
20 80 0 
30 0 0 
20 70 0 
5 18 30 
10 30 45 
829 797 369 
13 10 12 16 17 20 24 31 36 39 44 46 50 53 
10 13 14 23 30 32 38 41 44 49 53 
9 11 18 32 38 40 46 49 53 54 
18 13 16 17 20 21 27 28 29 30 34 37 39 41 43 44 45 52 55 
17 11 12 14 16 25 26 28 32 33 34 37 39 46 48 50 53 55 
18 10 12 13 15 21 23 28 29 30 31 32 34 36 38 44 46 52 55 
9 15 25 26 30 31 36 38 39 50 
13 13 16 18 20 23 36 37 43 44 46 52 54 55 
16 12 14 19 20 24 26 27 32 36 37 39 44 46 47 51 53 
17 14 20 23 28 30 33 35 40 45 46 48 49 50 51 52 56 58 
20 10 12 13 15 23 24 25 30 31 32 35 37 38 41 44 49 52 53 55 59 
7 14 18 22 27 40 48 57 
14 12 14 20 28 31 37 38 40 42 44 47 54 56 57 
13 11 12 19 22 24 31 33 36 46 50 53 57 59 
20 10 12 14 18 21 22 27 28 33 36 37 43 45 46 48 50 51 52 55 59 
15 11 13 14 19 26 28 35 38 42 45 46 48 52 54 56 
19 10 13 15 16 26 30 31 32 33 34 38 39 40 46 50 51 55 56 57 
18 11 13 14 15 19 20 21 24 28 35 37 41 45 47 51 53 54 59 
22 12 14 15 21 23 24 25 26 29 31 34 38 39 41 46 48 49 52 55 57 58 60 
16 11 16 25 28 29 30 32 34 35 38 40 47 49 53 55 57 
21 12 13 14 15 17 19 22 23 24 25 27 28 30 39 42 44 45 47 51 55 58 
18 14 15 16 18 19 20 21 24 25 27 29 30 32 36 38 45 53 60 
14 10 11 13 19 27 29 35 41 42 45 50 52 55 56 
10 16 19 21 29 31 40 45 48 59 60 
16 14 16 20 29 30 31 32 37 41 44 45 49 50 51 58 60 
20 10 13 18 19 20 21 22 30 31 33 34 35 38 39 40 42 48 53 54 60 
11 14 22 25 31 32 38 40 52 56 57 60 
17 10 11 12 14 16 21 25 31 32 37 38 39 45 48 52 58 60 
19 12 16 18 21 23 24 25 27 30 34 43 44 46 48 49 50 56 57 58 
20 11 13 14 16 28 31 33 34 37 38 40 41 43 45 48 51 53 55 56 59 
16 15 17 19 20 23 27 29 32 35 37 38 46 51 52 54 57 
16 10 11 16 18 22 23 29 36 40 42 48 50 51 53 54 58 
19 11 12 14 18 20 25 31 36 37 38 43 46 48 52 53 54 57 59 60 
18 16 17 22 25 26 37 38 39 40 41 42 44 46 47 49 54 56 59 
15 10 12 15 16 17 18 22 24 25 32 36 49 50 51 53 
10 14 19 20 27 30 31 33 35 44 46 
24 15 20 21 24 25 26 30 31 33 35 36 38 39 41 43 44 47 49 50 51 52 55 57 59 
16 11 15 16 20 23 25 26 29 36 43 45 48 49 52 53 58 
13 16 17 21 22 23 25 27 33 36 41 53 55 56 
19 10 17 20 24 25 31 34 35 38 41 43 44 46 48 52 55 56 57 58 
21 11 12 18 21 23 27 29 32 33 35 36 37 38 39 44 47 51 52 53 55 60 
10 11 22 25 29 30 35 40 43 45 57 
16 15 17 25 28 32 35 37 38 39 40 42 47 52 55 57 60 
18 14 16 17 18 23 25 30 36 37 40 42 47 48 51 54 58 59 60 
17 12 14 19 21 23 25 29 31 32 37 40 41 43 44 50 52 54 
9 12 15 30 33 34 39 48 49 54 
16 10 13 16 17 22 23 24 27 29 34 37 42 48 57 58 59 
21 10 11 12 14 17 18 23 26 27 28 32 36 38 42 47 49 52 56 57 58 59 
20 11 15 17 18 19 21 24 26 30 34 36 38 41 42 44 45 48 53 55 57 
17 11 17 19 24 25 27 30 33 35 37 39 44 46 47 48 56 60 
16 12 16 18 25 26 30 34 37 41 42 43 47 48 58 59 60 
14 11 19 21 22 23 24 28 33 38 40 42 47 49 51 
17 11 13 15 20 21 24 26 32 33 36 41 42 44 46 49 54 57 
17 10 17 18 21 22 28 29 30 32 33 37 42 45 46 48 56 60 
16 12 15 17 18 20 28 29 31 35 36 39 41 52 56 57 60 
