9
4
9
43
3
0 108 84 60 
60 0 60 12 
96 108 0 108 
60 48 0 72 
84 24 48 36 
0 0 84 72 
0 108 0 108 
72 0 48 0 
0 84 60 108 
547 431 490 453 529 509 104 449 95 393 220 187 88 81 227 76 247 524 389 529 178 617 535 515 240 143 409 550 209 173 439 72 520 62 227 436 212 345 397 102 235 411 425 
90 60 0 70 
10 0 70 0 
70 90 0 0 
70 80 70 20 
0 40 0 0 
0 0 50 0 
0 80 0 60 
40 0 0 10 
30 90 90 60 
5 18 30 
10 30 45 
13531 2839 287 
12 11 17 22 24 25 29 34 35 38 42 43 46 
16 11 14 17 18 25 27 28 29 30 34 36 41 44 49 50 51 
14 11 21 22 23 25 26 27 28 36 41 42 47 48 52 
16 11 14 17 18 19 20 26 29 31 33 35 36 43 45 46 49 
14 10 12 14 17 26 27 31 35 36 37 46 47 49 52 
19 10 12 16 20 23 24 25 32 33 34 36 38 39 41 43 45 48 49 52 
14 12 13 14 23 24 26 27 28 39 45 46 47 49 50 
16 16 18 20 21 23 28 29 32 35 36 38 44 45 46 48 50 
15 10 16 17 18 21 23 24 26 29 32 33 34 38 41 44 
11 15 18 23 24 25 31 38 41 44 46 50 
18 13 17 19 21 24 27 28 30 31 36 38 42 43 48 52 53 59 60 
24 10 11 14 17 19 21 24 28 29 34 37 40 41 42 47 48 49 53 54 55 56 57 58 59 
13 14 19 22 23 25 28 34 40 44 47 48 50 60 
16 15 19 20 21 23 26 28 30 36 39 41 43 49 50 55 57 
12 13 18 19 20 24 31 34 39 40 42 45 52 
16 10 20 22 23 29 30 31 32 36 38 40 41 42 44 48 56 
15 14 15 18 22 25 33 36 43 44 46 51 52 53 54 55 
17 11 12 15 16 19 22 26 27 34 39 44 52 53 55 56 57 61 
18 11 16 20 30 31 32 34 35 41 42 43 44 46 48 51 53 58 59 
15 18 21 23 24 26 30 34 36 38 47 49 55 56 60 61 
20 11 12 17 18 19 26 28 30 32 36 37 39 44 45 47 50 54 55 57 58 
23 11 15 18 19 20 23 25 27 33 34 36 38 41 43 46 50 51 52 53 54 55 56 58 
14 13 15 20 22 24 25 27 36 37 41 42 46 47 55 
16 10 18 22 25 27 29 32 38 41 44 47 51 53 55 56 58 
15 19 24 26 28 33 36 43 53 54 55 56 57 59 60 61 
14 10 11 16 24 27 34 35 37 41 42 45 46 55 61 
20 12 16 17 20 21 22 24 25 29 34 35 36 37 42 45 46 49 54 56 59 
14 14 15 19 23 30 31 32 45 46 47 51 52 58 59 
15 12 13 17 22 30 32 35 36 39 42 43 48 49 50 60 
14 10 16 17 20 23 32 33 38 42 44 46 50 51 60 
19 10 12 13 16 18 19 26 32 33 34 37 38 40 42 45 47 50 54 56 
15 12 26 28 31 33 34 36 38 43 45 49 53 59 60 61 
23 10 13 14 16 18 19 20 22 24 25 26 27 29 32 39 43 44 45 52 53 57 58 61 
17 10 23 26 27 28 29 32 35 36 40 41 46 52 55 57 58 61 
14 11 12 13 17 21 22 24 28 29 39 41 53 54 60 
19 12 16 17 20 22 23 24 29 37 38 40 46 47 54 55 56 58 60 61 
17 15 21 24 29 34 38 40 42 44 47 50 52 54 55 56 59 60 
18 10 11 17 20 21 24 26 30 33 35 36 37 44 51 55 57 59 60 
20 12 15 16 18 24 26 28 32 34 35 36 41 46 48 49 51 52 56 60 61 
11 10 19 20 24 33 35 37 38 43 45 56 
16 10 18 21 22 23 24 26 28 31 33 44 45 56 57 60 61 
22 10 17 19 22 26 27 28 29 31 32 38 39 43 44 45 51 52 53 55 56 60 61 
16 14 17 18 22 25 32 33 39 40 42 44 45 47 48 60 61 
16 10 16 17 18 19 21 23 24 25 26 29 41 47 48 52 55 
17 13 26 30 32 35 36 38 39 42 47 48 50 52 53 55 56 59 
13 10 11 12 18 25 28 35 38 44 53 57 58 59 
17 11 19 20 24 25 26 27 33 34 36 41 44 53 55 57 58 59 
18 10 12 15 16 17 19 22 23 29 30 31 39 40 45 50 55 57 58 
12 19 23 27 29 30 31 32 41 42 46 50 59 
14 10 15 17 22 25 27 29 34 35 39 41 43 46 55 
22 10 15 16 18 19 22 23 25 28 29 30 32 35 39 41 45 49 54 55 57 60 61 
15 10 11 18 19 22 23 24 32 34 38 43 47 48 50 53 
