9
5
3
48
3
0 48 96 48 12 
48 36 0 108 0 
36 24 0 60 24 
0 0 0 0 0 
0 24 48 84 24 
36 12 108 0 96 
24 0 84 0 24 
36 36 60 0 48 
0 84 0 0 0 
34 38 152 35 80 90 107 113 94 145 141 109 77 122 8 1 74 159 123 3 139 50 82 157 79 52 83 137 21 66 97 172 3 31 170 157 76 168 58 61 130 46 110 172 114 39 26 129 
0 0 0 70 90 
0 0 0 10 0 
20 20 90 0 50 
5 18 30 
10 30 45 
577 641 641 
17 11 12 14 19 20 25 31 33 37 42 44 47 49 53 54 56 57 
13 11 14 25 26 27 29 32 37 42 43 48 50 51 
15 13 14 22 23 27 30 31 34 35 42 44 45 47 49 53 
21 11 13 16 18 20 22 23 25 30 33 34 36 38 40 42 44 46 50 53 55 56 
13 15 18 26 28 30 32 35 39 40 44 45 52 54 
18 10 11 15 17 18 19 21 23 24 25 27 34 35 38 45 51 52 53 
15 12 13 14 16 21 24 26 37 42 46 48 49 54 56 57 
20 11 12 13 20 21 23 24 28 29 30 31 32 34 38 42 44 45 47 49 55 
14 15 20 21 22 24 25 26 28 34 36 38 41 44 49 
17 13 16 17 19 21 23 27 33 36 41 43 44 52 55 56 57 60 
12 14 16 17 19 31 32 35 42 48 51 53 59 
17 16 21 26 30 34 36 38 40 41 46 47 53 54 56 58 59 60 
18 10 12 14 23 25 27 29 32 33 34 40 41 50 51 52 55 56 58 
16 10 15 17 19 22 29 32 33 35 37 40 47 48 56 59 60 
17 12 14 17 20 21 23 25 29 32 40 41 42 45 47 49 54 56 
15 11 13 21 25 26 30 32 33 35 41 46 51 53 54 60 
15 13 18 24 26 28 30 33 36 38 39 41 44 51 54 56 
18 12 13 14 16 21 28 30 32 35 36 37 38 39 42 50 52 55 60 
17 10 11 12 20 21 24 25 29 30 33 34 41 43 46 50 56 60 
13 12 26 31 32 40 41 43 44 45 47 54 55 58 
15 13 17 18 19 22 27 28 32 34 37 38 39 50 53 56 
14 17 21 26 27 29 30 31 32 33 37 41 44 48 52 
18 11 13 14 16 26 27 28 30 31 34 36 39 42 46 48 51 54 56 
17 10 13 18 19 20 27 29 30 37 38 41 43 47 54 55 57 58 
15 12 13 16 22 23 28 29 32 33 36 38 44 45 54 60 
20 10 14 15 23 24 30 32 38 40 42 43 44 45 46 50 51 52 54 55 58 
12 10 12 16 18 32 33 34 36 43 45 54 60 
19 11 16 19 20 23 27 29 30 35 36 40 44 49 51 52 53 56 58 60 
11 18 22 26 27 28 37 39 41 47 58 60 
19 10 13 15 16 23 25 28 29 32 33 35 36 37 38 39 43 48 51 55 
19 12 14 22 23 26 27 28 29 40 45 48 49 51 52 53 54 55 56 58 
20 11 16 17 18 21 24 30 31 36 37 39 43 50 51 55 56 57 58 59 60 
17 17 21 23 29 30 32 35 36 39 40 43 54 55 56 57 58 59 
17 10 15 19 25 28 30 31 36 42 43 45 48 50 51 53 54 58 
10 17 18 19 21 24 28 33 43 47 58 
24 10 12 13 14 15 17 18 19 20 21 23 24 25 26 27 28 37 38 42 47 50 53 54 60 
18 10 11 12 16 20 21 24 26 29 33 34 36 40 48 49 58 59 60 
17 10 16 22 24 25 27 29 31 34 35 36 39 44 50 51 52 57 
17 11 15 20 22 23 26 30 31 33 40 41 46 48 50 51 57 58 
13 11 14 21 24 27 28 35 44 46 49 52 54 55 
15 12 14 19 25 30 32 33 34 36 38 39 45 46 51 57 
18 10 11 15 19 25 27 28 29 30 31 32 35 44 45 47 50 53 58 
16 11 12 18 23 24 28 30 33 36 38 41 42 45 49 53 59 
16 10 16 25 27 28 30 32 33 35 41 47 50 51 52 56 60 
19 10 12 13 15 17 18 20 22 23 29 30 33 35 37 42 43 49 52 59 
19 11 13 20 21 23 24 27 28 32 35 36 39 48 53 55 56 57 59 60 
16 12 14 18 20 22 29 30 31 34 37 42 46 53 55 56 58 
20 12 13 14 15 16 18 19 23 24 26 29 31 34 39 43 45 46 51 55 56 
17 10 15 16 21 23 26 29 32 35 36 37 47 48 55 57 59 60 
16 18 19 25 26 30 32 35 39 40 45 48 54 55 57 58 59 
16 11 14 16 18 20 22 24 27 29 33 40 41 44 45 52 53 
16 10 14 16 18 22 23 25 26 29 38 39 40 43 46 47 50 
16 13 15 17 26 27 28 36 39 40 41 45 50 52 57 59 60 
19 10 11 13 19 21 24 25 27 28 38 39 40 41 46 50 55 56 58 60 
16 14 15 16 17 23 30 32 34 42 45 48 49 50 52 53 54 
16 13 15 17 18 19 31 36 39 40 46 49 52 53 54 58 60 
15 16 26 32 37 38 39 40 41 42 45 46 47 52 56 58 
